1431 39627775677567605 0.08253329623633529 -0.8292841167458391 -0.8794105802562626
2645 39627800277157939 0.16683339805918926 -4.521616793734211 -5.057463971408652
4095 39627812528722361 0.11249308521160106 -1.698072715888884 -2.2473510565678225
8225 39627769788762198 0.07608475447088242 -1.127396740360382 -1.3422188784725222
9859 39627799937417419 0.11212308136837618 -1.1968688087026749 -1.976279427802183
9894 39627799937422527 0.12007628114337128 -2.3410817058093016 -2.7543474493777467
20336 39627746170638653 0.07677834318478116 -3.0749283125705915 -2.6546424891303104
23363 39627757952436125 0.08503684021462779 -1.1744700294666472 -1.3660318348247529
24160 39627757608502998 0.17884504231893783 -2.9651698837187723 -4.286937877601304
28391 39627746007057072 0.025087463142042774 -1.4762225794565893 -1.563817036247201
28793 39627746049000656 0.12423062209386207 -1.1633706268848982 -1.627609289920656
30018 39627764302612355 0.1197167868101166 -2.9532681464288544 -3.789400689521244
30999 39627757503646953 0.08165012550687134 -1.4166053861126784 -1.4410612596748251
32764 39627739472332585 0.24317199716833818 -1.5143179135038736 -1.841308938963266
40363 39627764151616788 0.2901342455088245 -1.1041236036162445 -1.1416270908976003
50269 39627745893813337 0.12869559848692996 -1.17467764297362 -0.9732579908268235
50444 39627745910592213 0.2268575018952962 -2.1790217047273472 -2.661879032048091
50988 39627745973506187 0.14855535061312258 -0.9606940266721722 -1.0350794116147881
58038 39627775958582009 0.08469663546388696 -2.371502674488511 -2.3325389106157672
61109 39627751669368731 0.11262774411697847 -1.4240227923346538 -2.1617494159872876
64489 39627782195517170 0.1051386558083074 -2.134304083519055 -1.906189003999316
74403 39627800000337419 0.10842467159808739 -1.8203893768140915 -2.380516809816072
82658 39627763568611942 0.15007546153971196 -1.3977422016359924 -1.4104526672490465
87183 39627776243796895 0.12275967917281617 -1.468192796162839 -1.7705148966470006
92456 39627739996621725 0.08035456811485488 -1.394416209703195 -1.4158123573206467
94437 39627800189078957 0.08132313498090235 -1.0626239864432137 -1.179429998710475
95862 39627757793055001 0.19161310620992797 -0.9999124509522517 -2.0696278570885625
96143 39627757834995349 0.08464697584804241 -1.8198993334835905 -1.073776765574621
99760 39627818094565502 0.07901973808296929 -0.9134743236363647 -0.8999681276445699
