608 39627806233071633 0.16980561334644392 1.976241281718103 1.0621312771927478
881 39627806262429299 0.059904068245089905 1.2026712217066233 1.3176716705593208
1028 39627775648206313 0.24768512062136494 2.321888001283696 1.5039431993900507
1086 39627775652400690 0.22328815711871391 0.9777170535116966 1.0090360370977578
1552 39627775694340231 0.07948317049095291 1.2189840897272006 1.1484770515089622
1777 39627775715312061 0.1407275908723394 2.602831976413654 2.2299067629446654
1820 39627775719507447 0.2489843706230638 1.6316042093894794 1.0549770458201237
2228 39627800235213516 0.048614359584175294 1.0796144230262144 0.8100664851926922
2282 39627800239410060 0.02235006471654747 1.7537227166394587 1.4567536563754402
2414 39627800251995727 0.07426071186566757 1.1641174406768187 1.1253953796613132
2727 39627800285548408 0.09976096324108502 1.2017705862608636 1.1917631293836166
2735 39627800285549072 0.06230348503605333 0.9067490218076273 0.8342459589803184
2774 39627800289743573 0.12994822749907015 1.7690730783260733 1.2336083298623635
2954 39627800323293320 0.08575783673074508 1.6286215941672708 1.1731182718440323
3959 39627776390595864 0.0782587426914352 1.0301614958034406 0.8300093310072043
4180 39627812537111153 0.13096868406657386 2.0728393051749663 1.3295321841505938
4313 39627812553885871 0.07886001995535176 2.694857725991824 1.2133415960161074
4387 39627812562273657 0.1915797371430419 2.122041429563069 1.7816631085233894
4625 39627812591634730 0.038063178663933626 0.8778043614638591 0.8858736996917287
4733 39627812608412176 0.03567323958687507 1.3837960037826633 1.5856112001347356
4857 39627812625189502 0.043429277140158214 1.5441338939554043 1.2228903588347748
4888 39627812629381948 0.09778656361991689 0.963338142538305 1.2698286121267301
5943 39627751547735764 0.11133778841571476 1.526996270953532 1.0723171429999638
6009 39627812193177009 0.08034636936537978 1.3709863059821146 1.3428905834034595
6034 39627812197371536 0.1520168925315236 1.3783808656389738 1.4178625756367182
6713 39627812264476858 0.07946591085528262 1.6596580489294865 1.661679721443761
6881 39627812281254081 0.11134508600413785 2.5298732359269707 2.121507178968386
8202 39627769784569713 0.07237701359450659 0.9115044652216966 0.8248684539476017
8295 39627769797154845 0.21172882371603574 2.0029969493280078 2.222640955661518
8493 39627769826509348 0.08033812583779852 1.666458848205366 1.6226943398569347
8632 39627769839092587 0.08174890436434014 1.3368478934708037 1.3589638601251863
9403 39627799891280504 0.2505299549776798 0.9315749366442105 1.170255198684572
9432 39627799891284391 0.07122794962277128 1.9609830263952972 1.5714772301116682
9953 39627799945807146 0.26421975442164264 2.0188724674726473 1.5641071931231636
9960 39627799945808145 0.10166358364678066 1.0312389356968197 1.1922496557672275
9998 39627799950005203 0.15099956427521757 1.0854281241745412 1.1542108595949685
10577 39627799803204376 0.07825782996176564 2.1261980790141024 1.2072169709999798
11157 39627800457512756 0.12896128604264476 1.8105870341205446 1.3895232403592672
11388 39627800482676972 0.22096256757176475 0.8583370493688562 1.237595554989639
12054 39627824335684933 0.10838174236565276 2.624281238853655 2.356379822681447
12129 39627824356656826 0.11085819878978065 2.1345953700893006 1.6481522160675013
12236 39627824373436346 0.08004951358968032 1.2312316984152858 0.8164700424740658
12912 39627824532820205 0.02586454731881331 1.2865117751080106 1.0532656697787388
13537 39627752046857460 0.05438107403327813 1.300703728253211 1.293228072096099
13782 39627800327491340 0.13036171168012722 2.034081778248037 0.8471073702248759
13861 39627800335881806 0.1417739087550846 1.2106806057681752 1.2301685138154426
14031 39627800361044587 0.10544679259111715 1.7214838084901203 1.5179687108629878
14095 39627800369434917 0.13588479470516313 1.5382384922586425 1.3326675413436533
14118 39627800373626943 0.18486308211843663 1.7013501340052244 1.4779934025173134
14131 39627800373628938 0.14663026028519835 0.8614136285495988 0.9510909843638728
14195 39627800377824599 0.054807930136348354 1.3867776276792938 0.9448650841313793
14382 39627800402986480 0.04812551010158899 2.065950249844718 1.0251664422385147
15352 39627806467951850 0.09446229131127155 2.5151495652489757 1.6660620832944915
15440 39627806480531661 0.12578064650352547 1.0903793206625778 1.434378339055911
15447 39627806480532825 0.03177122472535951 1.717357457037906 1.2741640529611686
15600 39627806493117935 0.1271499865910806 2.1710524469472148 0.8750841690607558
15616 39627806497309429 0.05372473090470388 1.9299672250199364 2.0463995281261305
15784 39627817981316409 0.07706625117598641 1.7973201292670637 1.9247842172808305
15884 39627817993899122 0.1246754668241389 1.5334711516597963 1.382300848147679
15894 39627817993900178 0.12496462183786891 1.1249177626859819 0.9701754353545766
16564 39627818061006891 0.07888339639369546 1.2509794194156711 1.1355461376542735
16593 39627818061010251 0.07918261824420984 1.1160267182422103 1.161437753444261
16634 39627818065203679 0.18275741235921447 2.0439599567107507 2.012054008989253
17140 39627812335785607 0.16082406723574943 1.0078563793076682 0.9003301763486888
17204 39627812344169472 0.07783307815481025 0.997699084065971 1.4739376099150832
17647 39627812390309252 0.11839100880729278 0.9567953119467347 1.2658755939055482
17799 39627818438493030 0.13654900536284986 2.334700045617865 2.769439985107965
18470 39627818513992531 0.05443648275896588 2.1561224122187923 1.2807169057878127
18517 39627818522379638 0.05435803447901025 1.1777962236255917 1.426372201713093
18523 39627818522380281 0.05378533042641136 0.9227973447150362 0.8491229965347884
18926 39627818333637083 0.07908768022061845 1.2371540552412625 0.9370104057024946
19535 39627818409132210 0.08859191020889742 1.576685836784236 0.8003521716491377
20078 39627746141274247 0.13947539025429204 1.7934252359282254 1.4588577814220116
20260 39627746162249248 0.285189600608076 1.6606778376699367 1.4924226465118409
20760 39627751459652026 0.09506432529799794 1.9808689130659332 1.367565650927645
20844 39627787807490423 0.021005633704784286 1.334070252901256 1.3250770010481574
20903 39627787815878932 0.12461616659418404 1.0427999880521384 1.6543278306307911
21359 39627787862018920 0.1166088223884685 1.2038760415243814 1.1206990382097501
21942 39627781847385489 0.07213136874630037 1.936851967891016 1.697657827437979
22241 39627781885136134 0.14774234986353998 1.9997112790051688 1.3684322970657377
22398 39627781906108746 0.09013738633570534 1.1944119593108553 1.0721830120137383
22415 39627781910298943 0.09099215132008098 1.230418076755086 1.3827381061037158
22552 39627757876937556 0.019141961461734414 0.856636018397694 0.8364975271115327
23393 39627757956629541 0.08812135341677677 1.9582457358856118 1.690250870714408
23536 39627757973409406 0.17593313290961188 1.3109534404447913 2.180245330602702
23659 39627757549784797 0.1187628971734266 1.755928710095759 1.6089373774466367
24178 39627757608505746 0.07488778408642496 0.9494935025959421 0.8580323503629188
24201 39627757612698364 0.12311345059407011 0.832389593060725 0.9937457162350256
24352 39627757629473881 0.17665478269242027 0.9018784732224958 0.92274480659853
25029 39627811916351267 0.09696648582883946 0.8147551724296136 0.8745255090734645
25056 39627811916354121 0.09588538456115794 1.8387194633805848 1.4053379738352305
25604 39627805939469351 0.08230783617157542 1.4138216231722254 1.0750034569264244
25810 39627805960440240 0.09853933832855519 1.8734326555995722 1.4670137605708078
26218 39627806010774950 0.20366833566960546 0.8324907711657943 0.8897018247917003
26274 39627806019161119 0.07605450505694035 1.5194077036212548 0.970428718450421
26503 39627818685959053 0.034991890912670964 2.244417818625152 1.8356241190067522
26843 39627823974974782 0.15279096913907697 1.7963497535611168 1.9655440206770436
27046 39627824016918007 0.14880660655024158 2.300313326451942 1.69633268211237
27191 39627824050474009 0.07356143236072922 1.2290858276328436 1.1972927080951195
27518 39627758241845066 0.04141537577184561 1.326093168526313 1.5754703782486104
27690 39627758262815633 0.04274392846204782 1.2954684238393384 1.2956445053669086
27803 39627758275396325 0.0675712060659413 1.5787654011592167 1.616607635355649
28038 39627758300567363 0.1181668666148318 2.8964835145343386 2.015409539905704
28322 39627745994474956 0.054082220596778384 1.533756641826585 1.4676484094970874
29252 39627746099333306 0.05643091700683907 1.1267957038771783 0.9350496271072188
29536 39627764248086558 0.1394286767917481 1.3676659443135577 1.220887030161066
30006 39627764302610564 0.03484141081579354 1.2588377254423904 1.2868038581373185
30659 39627752231409504 0.07743266348834081 2.5380191900376303 1.1279244376892166
31200 39627757528809950 0.11119637324843458 1.8590168302325765 1.070068496890599
32065 39627782338120780 0.1313012129355982 1.527531849080333 0.8170246337722347
32349 39627739380060759 0.09410765232683357 1.9286541604878948 1.6700997074676707
32520 39627739422000950 0.018710873045395683 1.3441705965233268 1.1568344792385687
32646 39627739447168742 0.13013714308981075 2.364419755171184 2.526219404015137
33225 39627739593965909 0.11159737102931397 2.141206622158279 1.513003057336391
33375 39627806279208801 0.04818134689220508 1.458072357833771 1.2848483013440273
33908 39627806346314284 0.11494809530219628 1.1810665775683447 1.7595515411721863
34340 39627745793151461 0.04726542596656657 2.1448877980892576 0.858617643370053
34486 39627745809925559 0.13650569499669135 1.0360118071967008 1.1577631426025619
34647 39627745822508616 0.08388084449698142 1.0882044037243759 1.210630626602324
35187 39627745868648948 0.08459400511631437 1.3050597004685187 1.4248639562856624
35532 39627793750824040 0.07693788770038386 0.966276234009456 1.256630717209191
36621 39627782073881372 0.18091403188525035 1.4281900996102195 0.886061100310144
36820 39627782099046336 0.176217081159349 1.4032660356515407 1.6638592607068858
37159 39627782132601973 0.08773390161622537 1.5751026169036777 1.2188324141825433
37944 39627824688008782 0.10393505637625812 1.8647525441047037 1.636259254275501
38135 39627770199806346 0.14023813676943805 1.8395054625407283 0.9743810172731173
38197 39627770208193585 0.050245019650088346 1.8060018199439583 1.2439722223061835
38393 39627770229166954 0.052444454380796666 2.4369517779550733 1.654651421094968
38603 39627770250134586 0.07250707259088641 2.0990209103565576 0.8780156862767399
38638 39627770254330172 0.04811242038594504 0.993939327332555 0.9499026112107458
38942 39627770283694083 0.1383120557827684 1.1421029238081246 0.864783266077211
39055 39627770296274639 0.07195287990803285 1.4343794520300435 1.6059091125407576
39156 39627763803488874 0.08366959864308325 1.3622715888168386 1.6273862437528805
39365 39627763824460506 0.1817615059483119 1.8442502967554901 1.7843856722411147
39475 39627763837043287 0.04656955461475533 0.9594058633228997 1.1372370896488064
39772 39627763870599776 0.08519615812375102 1.4029718352940108 0.9932484785476845
39889 39627763883180594 0.12993822423987836 1.2261476885978482 1.2976584379921405
40193 39627764134838374 0.04934932119750123 1.5968222059509571 1.7271571876644884
40236 39627764139036762 0.0543970595826626 1.0802183418427376 1.0038550386616407
40373 39627764151617849 0.13735834880537717 1.9047940947466486 1.3133074545958152
40399 39627764155810146 0.15101517238137585 1.0467862011873876 0.8353859029839441
41376 39627788189175974 0.2531473747706515 2.893490283905521 2.484097936874605
41867 39627788247896630 0.16529686819613362 0.8596608904754248 1.1816291853101575
42093 39627752076215246 0.21680597033557783 3.9220400316116866 1.6467542638301893
42549 39627752126548587 0.07959014018057974 0.8978565856268688 1.361086022849122
42613 39627752130743949 0.26099426034600703 1.6014768948916753 1.1343996352425165
43587 39627763941900657 0.08292700212026018 1.6443726300030903 0.8646117851994859
43689 39627763954485884 0.08634096103775174 0.8889775740744881 1.023012820650365
44721 39627775799202876 0.21898248446492474 1.3381227924583072 1.9697738982558803
44894 39627775824363971 0.09141129754226998 1.6941458964329286 1.3491969984825118
45073 39627775845340390 0.04736236430790422 0.9230963189729664 0.8812218962466432
45365 39627776101189716 0.2111669956845374 1.4308672919050878 2.003715419726177
45477 39627776113770860 0.09368499099359803 1.126606508552868 1.1375342112723956
45833 39627776155717135 0.030170850206277137 1.1448269888551295 0.8166787316404225
46227 39627769897814837 0.10934839080361178 2.208528397560258 2.036392031702235
46389 39627769914594538 0.01907302456274305 0.9908749823771359 0.9729447923227781
46912 39627769960731125 0.11239330873894056 1.2553196284043224 1.1913791015467723
47410 39627782384259601 0.19338429926838532 1.4750098100312243 2.008129901767461
47893 39627782442976315 0.14214463790752352 1.1199259258019083 1.2718110273071943
48579 39627793885039291 0.17098920375030666 2.493946425282047 1.4408229848068004
48877 39627793914398404 0.16416154985488288 1.143125792695173 1.2516820759474285
49840 39627794052812762 0.25617159823898694 1.3372683698526089 1.218791345401769
49935 39627794065392026 0.08958720573412575 1.4995004824240823 1.0695999699210006
50302 39627745898006839 0.19265277212716442 1.2641770633053966 1.545940176233671
50511 39627745923170787 0.0750209488458029 3.2160550909384256 1.6795581432188555
50909 39627745965114999 0.19295320334032318 1.432105794511699 1.1596849407287664
51122 39627757650447183 0.16273793351721136 2.2048572827561657 1.476077533253374
51186 39627757658836708 0.06253684665914627 0.9731152172444126 0.9177346732067235
51354 39627757679805756 0.14043897335639663 1.9391640371932226 2.073308937166985
51670 39627757721747739 0.06372381018051589 1.4130055481864474 1.8025409652109374
51689 39627757721749280 0.07172274598055435 1.3284361116948276 1.3401840702099435
52016 39627757759501300 0.0792014167592515 1.0642774893494789 0.8095481563495923
52558 39627745730235627 0.09658167509003286 0.8843190894813233 0.9391747148010836
53082 39627745793149144 0.1193154760846301 2.189338655784013 1.124430380488775
53386 39627751807781195 0.2451161678472797 1.6772230227497857 0.8469178190171078
53876 39627751849722258 0.16131479121848544 0.8909419684387103 1.0144879140243575
54393 39627818576906423 0.11349530663696654 0.8025336318196423 0.8061347650818789
54561 39627818593681486 0.09358321838342062 1.7517898369778777 1.7338375382723825
54664 39627818602074556 0.12364549995536506 0.8204544062173227 1.8512061270494087
55369 39627811970877769 0.13235857856483063 2.2667092995025087 1.667734067769743
55430 39627811975073603 0.1088482129197038 1.2811038365116474 1.7073227720675277
55469 39627811979268324 0.10882508014019135 2.345277603944851 1.154329463488466
56024 39627812042179181 0.09368631305000552 1.119904802725614 0.8405917706140826
56062 39627812046374937 0.15835731449032686 0.8390491906075113 0.9224502855140599
56165 39627812646161190 0.07955453423101963 0.8130197931395742 0.881940256784219
56457 39627817914208263 0.09441067802145998 1.111128456809638 1.1054971599178316
56551 39627817922596693 0.07729223372049249 1.2086546282116615 1.1681637227429746
56653 39627817935178922 0.036214110461413804 2.055835782329268 1.2946613247440837
56663 39627817935180040 0.13215400513112177 1.5768766621067698 1.4512031422909786
56750 39627817943568060 0.0771279212077105 1.8918000040685001 1.4519424262562097
56785 39627817947760982 0.09564392694595307 1.134950675120308 1.0187789653864456
56929 39627817960344380 0.02007191467979051 2.0802592654499676 1.6303328570975282
57114 39627775849534535 0.14467975212878764 1.2590249065870012 1.64112327840121
57267 39627775866311133 0.08299117528980386 1.057625640387414 0.8374007230067946
57368 39627775878889572 0.13586671221111987 1.564489197151488 2.188596496430364
58088 39627775962778388 0.0637140103401352 0.9038905284005523 1.2740391854340487
58630 39627740181172520 0.1528378573841668 1.4834801742954369 1.4556950954884087
58754 39627745428246716 0.16094537168555387 0.8271279632672304 1.3583039997220112
59563 39627781985801279 0.18605182392519723 2.6252273509853694 0.81435475993203
60350 39627758128599284 0.08228236907391401 1.5369497828769454 1.850848408686943
60621 39627758166347591 0.16293774775614261 1.8462514241073222 1.749706417379457
60690 39627758174735204 0.07984381802282883 1.5775496636206299 1.6595673384299516
61107 39627751669368532 0.18811991786813703 1.0020382168322612 0.8468706605226544
61799 39627751740672854 0.08342370777279401 1.7032834109313626 1.5243570111160807
62008 39627751761641606 0.08677645347365533 1.083273794919478 1.1366709920475841
62619 39627770145280605 0.22244526288536814 1.768514793315262 1.3454880405770382
63055 39627770195608357 0.13910400210723692 2.4689278409241524 1.91142414249407
63284 39627745482771292 0.10802557793918374 0.857085146537429 1.0661580594260158
63317 39627745486963787 0.08094800521484671 1.2752935436265034 0.9872856269275871
63440 39627745499545891 0.162758164698879 1.952382087719343 2.0324465877647526
63632 39627745520518011 0.10272953104549326 1.126305700674493 1.36633566457931
63905 39627745558265964 0.11606618513220172 2.1463581422858624 1.2665255474048536
63945 39627745562460418 0.14923680192446354 1.1585278357715652 1.3187722064913032
64077 39627745579237773 0.07736645393832667 0.9983541092897212 1.0024428462129436
64415 39627782187127697 0.2008840799668579 1.197754074300974 0.9172082304603464
64496 39627782199707165 0.14569134642196643 1.0373734587419676 0.9476039336650501
66273 39627775983748906 0.09483458356483472 0.9681041756984996 1.0045398977445075
66275 39627775983748972 0.09500786317982705 0.8109730577343726 1.3408104852978795
66297 39627775983751350 0.09714779729265202 1.1647951552204177 1.0752675460889805
66545 39627776008916397 0.10972149105314481 1.5083405827235765 1.3470699677091034
67360 39627763698631383 0.15484670926928423 1.4940285931706967 0.9103301308059599
67612 39627763732186559 0.1178781008133486 1.5964850490317986 1.0775655513543825
67730 39627763748964089 0.048363853195106506 2.8466956511074386 2.2134495487734966
67829 39627763761548420 0.1488495556388348 1.081958922947706 1.144362544415344
68020 39627763786711784 0.17002047422453254 1.8983371407548475 1.2545556058494185
68319 39627745608601601 0.16241040159964834 0.9809962049403111 1.67390632335173
68445 39627745625375387 0.08133023027330495 0.9609986986197327 0.8363037905437523
68596 39627745637961958 0.11948368702771145 1.0698324312179466 1.7469933686606964
68825 39627745663124761 0.07783965918138529 1.7295662844635444 1.2633342920553332
68987 39627745675706868 0.08498725570839899 0.803021763011202 0.846855499465164
69664 39627806119827699 0.08197841861455384 1.941402794743226 1.8065282197139823
69734 39627806128216016 0.06816554444369757 2.690199483595279 1.591528582817773
69754 39627806132409181 0.17767608947087749 1.2223031176563381 1.4890044757148644
70505 39627794417714883 0.09566595278622382 0.8246338413373451 0.8016596797069724
70627 39627794430298806 0.07872828060498784 1.6398369513126454 1.4471604481013856
70806 39627794451271447 0.10507467304613133 0.9946717922275639 1.3838748889320414
71086 39627794489022102 0.12070730598503829 0.8866758001322523 1.104001524819978
71342 39627769683908821 0.0808846143067068 1.0482537126144962 1.8398150123121013
71356 39627769688098057 0.1211459782120215 1.8961046622580398 1.1680589518073248
71436 39627769696487889 0.11953713367011087 2.2964709435746045 1.8712760152038754
72122 39627812415473546 0.03337057184410375 0.9167540009857476 1.3165445868798997
72612 39627812474194686 0.11794115716627292 1.2950241894905048 0.9877945858897874
72784 39627812490974394 0.10268210557134375 1.2554863671784915 1.0084455972591968
72794 39627812495163889 0.11808979358010879 2.3241983770722072 2.170053860340886
75155 39627794195415270 0.07789368458826249 2.3950904713956334 1.5573374617388254
75275 39627794203807533 0.12545267838982796 1.3648040865527946 1.2592645595259455
75479 39627794224778327 0.14615712884818144 1.9781944572287102 2.447714559560154
76119 39627812092513271 0.09207511904622713 1.1590063426911001 1.464568566944763
76200 39627812109288486 0.2005738717519649 1.6019302440608953 0.9884151411488347
76252 39627812117676122 0.09703524875416313 1.000437559009697 0.9231151123149175
76355 39627812130262042 0.12401255190836721 0.8101868538869894 1.3213632457836866
77611 39627769654545321 0.23481227238441799 1.6675726685834888 1.860818142718017
77693 39627781729948619 0.12983387325401022 1.5783459800577475 1.7710435108047022
77875 39627781755109500 0.1269781766175489 0.8668649686296703 0.8935488257075122
78219 39627781784470844 0.07910709585536342 1.2319885288479782 0.8553488512070544
78627 39627781826415744 0.21263257936089353 1.784439535362253 0.9641000744895791
78733 39627739623329138 0.08521017265848484 1.0713188128966067 1.3171393425227507
79231 39627739732378472 0.21607241593566978 2.2758775288230026 2.7939176717381997
79423 39627739770128076 0.1711593531565698 1.1859684004593873 1.0282972938794046
79722 39627788289835425 0.0827887705795282 1.6941332299375063 1.2135009559233367
80015 39627788315004018 0.12397225907500868 1.1621330917323576 1.184518383483919
80020 39627788315004926 0.05327881915914262 0.9736828556387991 1.258066475636042
80451 39627788356944430 0.10177081991540847 1.154596128916637 1.1207391836751412
80546 39627788369527319 0.08443576062074058 1.5816352956453557 1.353402328259108
80757 39627794279302193 0.21330532576330535 1.628091467543527 1.557012394290723
80810 39627794283499670 0.0332114214739987 1.589754959290076 1.423015801146903
81304 39627794346412727 0.025770948751414224 1.2465689347209263 1.6240738750911987
81396 39627794354800872 0.07701358394372501 0.8814734122533991 1.0904544027625889
82440 39627758074071803 0.05417166287977712 1.048337878930397 0.9486654385536895
82970 39627763597968814 0.11477723951745555 1.0799292263191091 1.1100645943060954
83105 39627763614748054 0.08234978104719069 1.9006603830466702 1.3422773563370356
83370 39627763644107741 0.09968166949444185 2.0005664114287356 1.5734890335279488
83415 39627763648303591 0.10476263134250906 1.4947659312338146 1.7717418847196313
83617 39627763665080618 0.12018440517629952 1.374231951335787 1.451216657796067
83650 39627788377920612 0.11815849093874738 2.0676051762684438 1.9339837736552
83780 39627788394693614 0.12205830485047477 1.3170505578318625 1.368063277296642
85348 39627775623038248 0.047451566398516214 0.8660989394511489 1.1337645289240754
85795 39627769994281647 0.19949428219502519 1.9437096718984321 1.701140228836266
85803 39627769994283778 0.1314287454428937 1.2464678016349353 1.3269741059775697
86102 39627770023644884 0.08723258094544371 1.249356836451625 1.1422009060588607
86390 39627770053001392 0.11358974636947688 1.2166928977003408 1.465835212175989
86966 39627776227021189 0.08279246957608091 1.9652529676468475 1.8920880473961006
87069 39627776235409139 0.17747218678710136 1.4180022754389938 1.5266142735436006
87073 39627776235409456 0.08462040934761465 2.221706397987873 1.7405145346165227
87082 39627776235410340 0.12705046880057727 1.7037759758450193 2.014266595864683
87189 39627776243797333 0.082231444716115 1.390922703076285 1.4974219528594404
87957 39627788088508741 0.13507441248733504 1.2427227969565138 1.155186782317287
88865 39627781658645237 0.10045376874408432 1.3853057588412412 0.8254058840921061
88870 39627781662835624 0.1690906320106988 0.9926812361500197 1.059460605340064
88996 39627781675419858 0.1629650562381281 2.1507250071335875 2.082933628765204
89258 39627781696392504 0.1079826219519968 1.8865635363345064 2.1006292002184637
89372 39627781708972772 0.09475799348452087 0.8181060978422465 0.987759608822671
89889 39627764017403164 0.06868525137720265 1.5195457943800648 1.1894976676667284
89968 39627764029983922 0.0890985239546853 1.0969150658693252 0.8110862043567977
91133 39627806568613215 0.12087571037865245 1.8573803236713502 1.6887068784099029
91856 39627739841430300 0.07015376874641714 1.2707560015915078 0.8967914886288781
91999 39627739874989382 0.25671445529804926 0.9347350768475735 0.8356476270100757
92112 39627739900153709 0.023668318928835325 1.075192078354121 1.344201682354651
92119 39627739900154875 0.024819528332066163 1.4747095103402899 0.8565474020124384
92289 39627739946287571 0.17438952921497303 2.2644632283618193 2.1667592318908646
92373 39627739971457704 0.09151243704056533 1.1341284686332074 1.0319325450782344
92497 39627740005010178 0.18735295927444726 1.130526212183213 1.0297603126346075
92969 39627787971073228 0.13305274601692765 1.4778034725995894 0.8929239333228907
93972 39627800142938313 0.04719195129848946 2.017419050749595 1.539927136775077
94191 39627800163914424 0.11084715917447537 1.2665330064355658 0.8849120609593228
94341 39627800180688068 0.1109343351412051 2.5933549317360303 2.2938025762559846
94440 39627800189079577 0.08178727909752986 2.0673616658541505 1.375729405705897
94747 39627751564514620 0.03701914661067626 1.7533918746730706 1.9443392898810998
95750 39627757784663129 0.14598800748365642 1.5120969963272728 1.608592308977677
95751 39627757784663135 0.13680127595207048 2.2668845473617694 0.8166276032125097
96281 39627757847578318 0.08225814868020813 2.031790452045243 1.844882146983764
96681 39627751870697039 0.15576204559070064 1.5976669831716208 1.61630433650771
97052 39627751908444378 0.08546206622563289 2.0152503210247232 1.1638424385419057
97332 39627751937805769 0.027133190072547664 1.0413576274213483 1.093982413904996
98416 39627787773936095 0.07870707992048205 1.1305032885675246 1.111339636102457
98849 39627805826224034 0.13986673661774432 1.3139918782926543 0.9910205272708481
98850 39627805826224222 0.1403928525530281 1.0142695098857075 1.3893155665837185
98981 39627805843001869 0.1490552568181229 2.387514628446297 0.8036546356879626
99106 39627805855584837 0.047545629102763984 0.9110349857319306 1.0147628528338828
99483 39627805893334904 0.10640718508734409 0.9367349311260114 1.2923359296937633
99578 39627805905916004 0.021435843524788084 1.0398581790796015 1.0184597329416647
100122 39627818161670789 0.20186330262732968 0.9612162182020256 0.8591455686782865
100435 39627818203612305 0.08032244912410735 1.5734926360173631 1.4373941207377356
