1 39627806174347502 0.14464029084293867 0.7322210712736705 0.35445383623300586
33 39627806174351211 0.2156809864986218 0.9716481888708586 0.6830140055926677
126 39627806186932652 0.08068581832198388 0.582952996340282 1.45026668486571
152 39627806186935475 0.07930161765784893 0.7681326863967115 0.7560146582709422
156 39627806191124537 0.023959345071281835 0.6174773467828345 0.6824022834616699
161 39627806191124949 0.04820460346810351 0.5920024444103547 0.41623710190287966
608 39627806233071633 0.16980561334644392 1.976241281718103 1.0621312771927478
628 39627806237262826 0.0811628483563147 0.8109076972205003 0.2989373434866138
680 39627806241458272 0.08021540545061619 -0.14889015904009284 0.6720197925214961
691 39627806241459245 0.07589964813704447 0.33715121917339275 0.2090637776091171
881 39627806262429299 0.059904068245089905 1.2026712217066233 1.3176716705593208
904 39627806262431349 0.07187048814002968 0.7544456722389441 0.9395600301986633
1028 39627775648206313 0.24768512062136494 2.321888001283696 1.5039431993900507
1086 39627775652400690 0.22328815711871391 0.9777170535116966 1.0090360370977578
1091 39627775652401626 0.13039682143986636 0.7838450986373573 -0.15073932292943937
1176 39627775660789822 0.17851398932519627 1.0112786871159187 0.3471435804885914
1431 39627775677567605 0.08253329623633529 -0.8292841167458391 -0.8794105802562626
1552 39627775694340231 0.07948317049095291 1.2189840897272006 1.1484770515089622
1586 39627775698535312 0.11344125019889982 -0.24013597165503597 0.6202781964884707
1777 39627775715312061 0.1407275908723394 2.602831976413654 2.2299067629446654
1820 39627775719507447 0.2489843706230638 1.6316042093894794 1.0549770458201237
1889 39627775727895401 0.0741364120860942 0.8492403624950384 0.6223273356790742
2161 39627800226827505 0.08648095001407272 0.8076199758970688 0.7519231856977058
2228 39627800235213516 0.048614359584175294 1.0796144230262144 0.8100664851926922
2282 39627800239410060 0.02235006471654747 1.7537227166394587 1.4567536563754402
2414 39627800251995727 0.07426071186566757 1.1641174406768187 1.1253953796613132
2551 39627800268767396 0.13213582428280357 -0.7933960544123693 -0.7412639664053131
2645 39627800277157939 0.16683339805918926 -4.521616793734211 -5.057463971408652
2657 39627800277159428 0.04601059097740432 -0.34236163572040823 0.31546505546339176
2727 39627800285548408 0.09976096324108502 1.2017705862608636 1.1917631293836166
2735 39627800285549072 0.06230348503605333 0.9067490218076273 0.8342459589803184
2774 39627800289743573 0.12994822749907015 1.7690730783260733 1.2336083298623635
2781 39627800293934589 0.030177554801486265 -0.0026983436173395603 -0.3269075719072134
2857 39627800306518705 0.12811235632331253 0.7129982692213161 0.8612151722745693
2954 39627800323293320 0.08575783673074508 1.6286215941672708 1.1731182718440323
3058 39627776285742032 0.07908085032485242 0.960657913596151 -0.6555725671478285
3142 39627776298323463 0.1347425011329909 0.9409312473881073 0.5242450531031864
3212 39627776310902855 0.10500461765454085 0.22383434453331574 1.0563196707380484
3391 39627776323491433 0.038149466758340606 -0.9049552142259927 0.6336576768653686
3445 39627776327683813 0.05683304128553556 0.9943972225655671 0.5472344836844059
3657 39627776348657412 0.14066258793786401 0.05829643870220025 0.16396276044451952
3827 39627776369626388 0.03447398243887224 0.7999990571233866 0.7809823007291925
3924 39627776386401328 0.043400027669009154 1.0719425400193359 0.37317885232823755
3932 39627776386402182 0.043395137683572636 0.6215598233629862 0.3841914808626825
3959 39627776390595864 0.0782587426914352 1.0301614958034406 0.8300093310072043
3984 39627776394790661 0.1843907554203631 0.04118339265369286 -0.8148556916657981
4095 39627812528722361 0.11249308521160106 -1.698072715888884 -2.2473510565678225
4180 39627812537111153 0.13096868406657386 2.0728393051749663 1.3295321841505938
4313 39627812553885871 0.07886001995535176 2.694857725991824 1.2133415960161074
4371 39627812558081550 0.12029059073305488 0.15471214681929268 0.24005716773717722
4387 39627812562273657 0.1915797371430419 2.122041429563069 1.7816631085233894
4522 39627812574857825 0.08217958978940988 0.8243121288014663 0.7569902906898278
4625 39627812591634730 0.038063178663933626 0.8778043614638591 0.8858736996917287
4733 39627812608412176 0.03567323958687507 1.3837960037826633 1.5856112001347356
4857 39627812625189502 0.043429277140158214 1.5441338939554043 1.2228903588347748
4888 39627812629381948 0.09778656361991689 0.963338142538305 1.2698286121267301
5255 39627751484819185 0.12709511541625212 -0.0006125796444393927 0.3489817347972348
5387 39627751497401667 0.16536183683581573 -0.025148004007860436 0.8261947807404795
5433 39627751501596066 0.18760826390167 0.7717498477222762 -0.4290691357382457
5456 39627751501599299 0.021291952959773885 0.4745312031636786 0.8139839252917227
5498 39627751505791153 0.37450178748059465 -0.7694831930011787 -0.2559218228379905
5515 39627751505793346 0.035514364919525934 -0.18459029197492782 -0.16656245365084033
5577 39627751514179803 0.10769870641184245 0.4266581470219535 0.08105646987769433
5658 39627751522567218 0.08204380591631591 0.8182698788314156 0.7450094800278748
5728 39627751530954864 0.11007915709103445 0.3251653719235037 0.4105881704163039
5905 39627751543540830 0.13922649978199278 0.5302256647601098 0.2405061072386161
5943 39627751547735764 0.11133778841571476 1.526996270953532 1.0723171429999638
6009 39627812193177009 0.08034636936537978 1.3709863059821146 1.3428905834034595
6034 39627812197371536 0.1520168925315236 1.3783808656389738 1.4178625756367182
6038 39627812197372113 0.12991148718538617 0.2569036932400195 0.01681655291486095
6147 39627812209953965 0.07285740059476338 0.5772334343209877 0.2791332489250635
6225 39627812214149164 0.1836832399760753 0.23714206663316872 0.5987745872498635
6381 39627812230922867 0.07878741282019484 1.42069272018216 0.6293894700020246
6408 39627812230927035 0.10963306407973947 0.5099726901798931 0.5215071177708523
6713 39627812264476858 0.07946591085528262 1.6596580489294865 1.661679721443761
6881 39627812281254081 0.11134508600413785 2.5298732359269707 2.121507178968386
7025 39627794082170200 0.20790405286255242 0.976159062401166 0.5957183277541844
7217 39627794098951225 0.0666954020489655 0.038033185158383276 0.5570650965009918
7248 39627794103144745 0.08227692348083214 1.5039804289526728 -0.23111642349977046
7796 39627794161861187 0.16006667534247343 1.4661096025056395 0.23216458419938135
7877 39627794170253970 0.17843802326577207 -0.6352159004472924 0.15541526718334353
7930 39627794178639627 0.08254335877079484 0.5193850069672408 0.7228047289554524
7965 39627794182836361 0.07775065317614216 -0.8923922411759122 -0.5045776525766996
8202 39627769784569713 0.07237701359450659 0.9115044652216966 0.8248684539476017
8219 39627769788761468 0.08498165896548128 0.25356969289168774 0.4830857689239565
8225 39627769788762198 0.07608475447088242 -1.127396740360382 -1.3422188784725222
8226 39627769788762536 0.07553421258374626 -1.060479749942715 -0.6083500429285777
8295 39627769797154845 0.21172882371603574 2.0029969493280078 2.222640955661518
8361 39627769809732998 0.14453367761145366 1.9970373605283385 0.528928587406881
8493 39627769826509348 0.08033812583779852 1.666458848205366 1.6226943398569347
8497 39627769826510135 0.08248887205016647 0.11495556961108377 0.3310543650895852
8513 39627769826512200 0.0834385821796573 0.6390734748219984 1.0231688093699631
8562 39627769830707307 0.08725147902837746 -0.0669519010834847 0.16240959197148186
8599 39627769834900020 0.13259288560840843 0.4121271833746505 0.9184036945325715
8632 39627769839092587 0.08174890436434014 1.3368478934708037 1.3589638601251863
8682 39627769843289416 0.08329970858319612 -0.14958824566838302 0.31799901709928236
8776 39627769855872159 0.09551345206388642 0.9943739479158467 0.7001727864235363
8865 39627769868453430 0.023241091404366362 -0.6142017021884385 -0.0220292291851365
8987 39627769881040908 0.06191560421544258 0.3236924557168095 -0.21881456460414483
9214 39627799870308978 0.12808316551228038 1.3324438836452828 0.7860719746486211
9403 39627799891280504 0.2505299549776798 0.9315749366442105 1.170255198684572
9432 39627799891284391 0.07122794962277128 1.9609830263952972 1.5714772301116682
9532 39627799903863845 0.18542576739968103 -0.7458883126728324 -0.3041084570577368
9584 39627799908059257 0.08399150792088876 -1.4628146532122628 -0.6513793797348626
9738 39627799920643291 0.11468368934360944 0.5358879678424273 0.35562136501994246
9859 39627799937417419 0.11212308136837618 -1.1968688087026749 -1.976279427802183
9894 39627799937422527 0.12007628114337128 -2.3410817058093016 -2.7543474493777467
9953 39627799945807146 0.26421975442164264 2.0188724674726473 1.5641071931231636
9960 39627799945808145 0.10166358364678066 1.0312389356968197 1.1922496557672275
9962 39627799945808883 0.10992222100720224 1.5744275862880386 -0.40093358998910844
9966 39627799945809844 0.031001684450533824 -0.15888903908489738 0.17893826832460036
9998 39627799950005203 0.15099956427521757 1.0854281241745412 1.1542108595949685
10094 39627794505795657 0.25148667730975355 1.283791109498452 -0.27289530545658636
10107 39627794505797440 0.042745528078504534 1.0465202741679605 0.43664853031168605
10112 39627794505797844 0.18893196380275187 0.9034147767824834 -1.4665330933094083
10399 39627799778039664 0.10118109589027743 0.7933580859580616 1.0820668635033144
10577 39627799803204376 0.07825782996176564 2.1261980790141024 1.2072169709999798
10660 39627799815784426 0.04726925732762892 0.6026508481863857 0.5799200682195078
10816 39627799828367798 0.025651096071492928 0.8590815157494944 0.22089722936379985
10877 39627799832562907 0.14107290893951463 0.1285523012120393 0.6814355131864431
11094 39627800453319094 0.05648538338844671 0.3729309215414105 0.15616983780364535
11096 39627800453319209 0.13523513049657057 0.452762820499629 1.0828546289176302
11157 39627800457512756 0.12896128604264476 1.8105870341205446 1.3895232403592672
11249 39627800465900328 0.05249853035173157 0.5891221019774093 0.37386758831416955
11252 39627800465900585 0.03465629433021647 0.27006642952801485 0.6022986682637566
11353 39627800478484254 0.029548236533929212 0.6413177968724995 0.6226958463939809
11388 39627800482676972 0.22096256757176475 0.8583370493688562 1.237595554989639
11408 39627800482679783 0.07220192628934723 1.186770019400683 0.7432627382268038
11445 39627800486873229 0.10933001886026894 0.7868701914248959 0.1344381382677966
11477 39627800491067307 0.1385986004327406 0.6560373176716894 0.3247439976748865
11811 39627800541398022 0.03946607955253288 -0.057281589088233886 0.1361557694408475
11847 39627800545594516 0.09824179231890554 0.09158057054082747 0.2794362814320266
12054 39627824335684933 0.10838174236565276 2.624281238853655 2.356379822681447
12121 39627824352465268 0.108793481846015 -0.15795748847176583 0.2718800055636166
12129 39627824356656826 0.11085819878978065 2.1345953700893006 1.6481522160675013
12236 39627824373436346 0.08004951358968032 1.2312316984152858 0.8164700424740658
12332 39627824398601118 0.040436884921336146 0.9420931391414342 0.7633579304520026
12411 39627824419570224 0.2223283359661977 1.5380512025385542 0.5364497505270265
12477 39627824432156821 0.239155363618672 1.1395384912248119 0.6648591986495376
12745 39627824490878223 0.15279282465177807 -0.6331541493836994 -0.4471089931030292
12820 39627824507653334 0.03248740209285124 0.45188360429528984 0.22434207150490693
12912 39627824532820205 0.02586454731881331 1.2865117751080106 1.0532656697787388
12966 39627824545403104 0.0804083902091953 0.9412900050865574 0.07160266477694677
13237 39627752004914085 0.13001453950688885 0.027375666521948006 0.28097244136733934
13361 39627752021689447 0.02544761489129374 -0.40488088050642546 0.21172922292498697
13472 39627752034276447 0.05311729087902168 0.7566236790044059 0.1526050256616145
13537 39627752046857460 0.05438107403327813 1.300703728253211 1.293228072096099
13704 39627752067826440 0.1069080851169644 -0.21770821140762564 0.05772476548827399
13761 39627752072024543 0.03718230667880819 0.6186494909006797 1.0248226150333721
13782 39627800327491340 0.13036171168012722 2.034081778248037 0.8471073702248759
13861 39627800335881806 0.1417739087550846 1.2106806057681752 1.2301685138154426
14031 39627800361044587 0.10544679259111715 1.7214838084901203 1.5179687108629878
14095 39627800369434917 0.13588479470516313 1.5382384922586425 1.3326675413436533
14118 39627800373626943 0.18486308211843663 1.7013501340052244 1.4779934025173134
14131 39627800373628938 0.14663026028519835 0.8614136285495988 0.9510909843638728
14180 39627800377823746 0.05485153877575019 0.32952740734162944 0.5181975231744218
14195 39627800377824599 0.054807930136348354 1.3867776276792938 0.9448650841313793
14201 39627800382014062 0.054800918895714534 1.1451379003638067 0.6646118807602761
14232 39627800382017853 0.14465988394681994 -0.9603669637017447 -0.6638677861119504
14368 39627800398795542 0.16796509036669377 0.014357096261846891 0.5986253376595414
14382 39627800402986480 0.04812551010158899 2.065950249844718 1.0251664422385147
14404 39627800402989578 0.054611948331522504 0.6657670388303814 0.8630495149609487
14405 39627800402989755 0.05340335520803287 0.24569279397928767 0.662256656437421
14409 39627800407179616 0.12510415586716123 -0.4709791984769254 -1.535162662447874
14520 39627800419765384 0.15039663204578116 0.4276256254697728 0.3976990271712566
14553 39627800423957682 0.06546157911325547 0.875137063375405 0.20783525442038808
14605 39627800428152696 0.16733604244415962 -0.012495857477006211 0.45101348252956086
14678 39627800436541036 0.08423830096279697 0.4649452125422613 0.5231261069156972
15038 39627806438589569 0.12430253970354367 0.00022092163817433175 0.3795732571052213
15049 39627806438590953 0.05331716594438019 -0.27383953315256804 0.41097139453904674
15352 39627806467951850 0.09446229131127155 2.5151495652489757 1.6660620832944915
15440 39627806480531661 0.12578064650352547 1.0903793206625778 1.434378339055911
15447 39627806480532825 0.03177122472535951 1.717357457037906 1.2741640529611686
15510 39627806484731267 0.11060327426021568 0.902525859074558 0.269647816710858
15552 39627806488924375 0.05670030449538222 1.3170944650291858 0.4514021773584318
15600 39627806493117935 0.1271499865910806 2.1710524469472148 0.8750841690607558
15616 39627806497309429 0.05372473090470388 1.9299672250199364 2.0463995281261305
15784 39627817981316409 0.07706625117598641 1.7973201292670637 1.9247842172808305
15802 39627817985508627 0.12371418114934381 0.7603986867216008 1.0363775564710522
15826 39627817985511714 0.07728873585384563 0.28531206097068207 0.6859107115315055
15884 39627817993899122 0.1246754668241389 1.5334711516597963 1.382300848147679
15894 39627817993900178 0.12496462183786891 1.1249177626859819 0.9701754353545766
15918 39627817998091981 0.07899127339363117 -0.012837954623137193 0.440768627984653
15993 39627818006479809 0.07510271367146759 0.41949069084057555 0.4429041542462073
16043 39627818010673204 0.12392458845448685 0.675385352232297 0.6094179255678682
16098 39627818014867794 0.05007008904983066 0.32533663032700133 0.3692836976069884
16332 39627818035842790 0.0783507233448493 0.5010693227968659 0.6294253382038733
16350 39627818040034075 0.07694476217118808 -0.9757938821003336 -0.0037323928181649535
16564 39627818061006891 0.07888339639369546 1.2509794194156711 1.1355461376542735
16593 39627818061010251 0.07918261824420984 1.1160267182422103 1.161437753444261
16626 39627818065202386 0.08003841902904665 0.487167057217448 0.5209109001389152
16634 39627818065203679 0.18275741235921447 2.0439599567107507 2.012054008989253
16815 39627812293839515 0.07800820912869766 0.6336806003191668 0.8921106716643408
16828 39627812293840531 0.07748717256338662 0.948355832309062 0.6004964701314748
16853 39627812298033829 0.07810250000121079 0.4520640289347284 -0.04606144019635394
16968 39627812310618822 0.14375871884589095 -0.17751271258475754 0.22688654452667834
17140 39627812335785607 0.16082406723574943 1.0078563793076682 0.9003301763486888
17163 39627812339976692 0.07291670318593912 0.22794251157847611 0.07407827333918249
17204 39627812344169472 0.07783307815481025 0.997699084065971 1.4739376099150832
17392 39627812365140143 0.08937789921352304 -0.6872699578480024 -1.5013784620532533
17614 39627812386114427 0.07029015113200936 -0.050293302341742674 -0.8668100478298584
17630 39627812390306458 0.11667917769611622 1.0908117875778771 0.759880037725452
17647 39627812390309252 0.11839100880729278 0.9567953119467347 1.2658755939055482
17799 39627818438493030 0.13654900536284986 2.334700045617865 2.769439985107965
17935 39627818451077986 0.16984950334156582 0.307709171184797 -0.07548461655187566
18180 39627818476245984 0.16688954082845436 -0.010632379987328022 -1.058829139144109
18332 39627818497213010 0.05484823702567224 0.6860056527029883 0.15155137827059662
18470 39627818513992531 0.05443648275896588 2.1561224122187923 1.2807169057878127
18517 39627818522379638 0.05435803447901025 1.1777962236255917 1.426372201713093
18519 39627818522379931 0.05348497228843689 -0.32770115302628255 0.4284737987363769
18523 39627818522380281 0.05378533042641136 0.9227973447150362 0.8491229965347884
18629 39627818534961898 0.16932818150019577 0.4473892230571437 0.4809272361389958
18644 39627818534963825 0.11204754144410015 0.5082925188498848 1.5461560958274276
18716 39627818539161101 0.05467653398726141 0.7845427698375715 0.7063057445357117
18863 39627818329441596 0.0600515245678879 0.7546073306511971 0.6109690355369821
18924 39627818333636744 0.07946349659683974 0.7506512835325339 0.6997879175778507
18926 39627818333637083 0.07908768022061845 1.2371540552412625 0.9370104057024946
19169 39627818358804936 0.06698219373912391 0.2531374367836179 1.0051098429466947
19170 39627818358805326 0.07904466898364605 -0.12455656608108256 0.4545411028066155
19299 39627818379774041 0.02253994293876863 1.5407595826573015 0.5617615190694778
19535 39627818409132210 0.08859191020889742 1.576685836784236 0.8003521716491377
19645 39627818417525402 0.14566838936465987 0.6329430468376813 0.5741077838383717
19868 39627746116109379 0.13005038878645914 -0.992349185193234 -0.3426489379889972
19872 39627746116109994 0.1462691790411084 0.7378904793349648 0.6519035919554881
19902 39627746116113853 0.051953021725535176 0.18376246162915777 0.8585420773306396
20078 39627746141274247 0.13947539025429204 1.7934252359282254 1.4588577814220116
20242 39627746158055215 0.07225560457402189 -0.10624163470492931 -0.20783417571510654
20260 39627746162249248 0.285189600608076 1.6606778376699367 1.4924226465118409
20333 39627746170638380 0.08327421387595887 0.8697989547754332 0.5001087653954528
20336 39627746170638653 0.07677834318478116 -3.0749283125705915 -2.6546424891303104
20393 39627746179023047 0.08255621516230606 0.5426363060632866 -0.5609663684563202
20470 39627746183223532 0.11226344212247472 1.0979405740181392 0.7207297829945674
20576 39627746199994523 0.08363532706562855 0.585741156093718 1.1936714384801235
20760 39627751459652026 0.09506432529799794 1.9808689130659332 1.367565650927645
20772 39627751459653321 0.08077769872384559 0.5523190708381662 -0.5591905035525997
20810 39627787799104865 0.1856054997871836 0.28743275603665097 1.1283772740844142
20844 39627787807490423 0.021005633704784286 1.334070252901256 1.3250770010481574
20870 39627787807495269 0.0745955534422484 0.7738240695025524 0.6260500155067348
20903 39627787815878932 0.12461616659418404 1.0427999880521384 1.6543278306307911
20943 39627787815882804 0.07203608481795683 0.39045897254709416 0.01993491424855165
21201 39627787845238932 0.13319608735914804 1.4851343892623845 0.11789970138306671
21226 39627787845243265 0.11676091582309141 0.8308667222299846 0.3914713290287182
21359 39627787862018920 0.1166088223884685 1.2038760415243814 1.1206990382097501
21445 39627787874602426 0.15245118210781297 0.44914517849429103 -0.14008566737902584
21483 39627787882987982 0.13484520753202925 0.5892194405814735 -0.9513584615169748
21511 39627787882991247 0.0037916978308803195 0.6472675418854124 0.6283906022135852
21619 39627787895573892 0.10721555017750496 1.2018442204562234 0.3762618837527043
21668 39627787908153850 0.012480951924851293 0.7406677379176472 0.8053818064026927
21869 39627781838996187 0.14789012389285985 0.5060415467769417 0.3444368369409858
21942 39627781847385489 0.07213136874630037 1.936851967891016 1.697657827437979
22021 39627781855775315 0.022800339399043894 0.650501133052785 0.42160788398450677
22024 39627781855775543 0.02313055441063166 0.22823635039367218 -0.21839199619535066
22034 39627781855776409 0.08459126138273004 0.4479105374030041 1.3926939107777798
22120 39627781868357879 0.15138274935035154 0.5003710750461323 0.27217457176811877
22241 39627781885136134 0.14774234986353998 1.9997112790051688 1.3684322970657377
22264 39627781889330052 0.04805889064122449 0.7421744183384362 1.1570561813305176
22299 39627781893526070 0.1182667153020524 0.5280681708372867 -0.21221546661854518
22375 39627781906105848 0.12613482167734633 0.564952069258652 0.020536067328066565
22386 39627781906106846 0.1942348607102298 -0.42377754538574663 -1.322433452887708
22398 39627781906108746 0.09013738633570534 1.1944119593108553 1.0721830120137383
22415 39627781910298943 0.09099215132008098 1.230418076755086 1.3827381061037158
22449 39627781910302567 0.09059231161518119 -0.8813765071090529 0.14476600418129237
22552 39627757876937556 0.019141961461734414 0.856636018397694 0.8364975271115327
22585 39627757876941049 0.08162954686135657 1.2352490266930545 -0.8660716469894396
22638 39627757885326041 0.05911048162880092 0.6832147962149975 1.0640165632803473
22654 39627757885327905 0.10842381034328906 -0.3341561155984891 -0.21584517866995157
22662 39627757885328585 0.2246888674329818 0.24224009091267362 0.8348841382394312
22668 39627757885329043 0.07685990947886676 -1.0449307315411716 -0.18543696633969375
22720 39627757889522054 0.10996072955120556 -0.5218211703795532 -1.051014155294979
23152 39627757931462784 0.08663834420753665 0.9741621143384691 0.2049052704605856
23235 39627757935662251 0.14569726116357465 0.6243951722271959 -0.22351185228217219
23363 39627757952436125 0.08503684021462779 -1.1744700294666472 -1.3660318348247529
23393 39627757956629541 0.08812135341677677 1.9582457358856118 1.690250870714408
23536 39627757973409406 0.17593313290961188 1.3109534404447913 2.180245330602702
23552 39627757541396002 0.10703757438301993 0.3693189736641216 0.7688427871480599
23553 39627757541396008 0.07455468926700312 0.33855535441944085 0.34782301310315233
23609 39627757545589677 0.07655629693189603 1.0920130244448956 0.7352867131821768
23659 39627757549784797 0.1187628971734266 1.755928710095759 1.6089373774466367
23822 39627757570753479 0.09637842933771103 0.21558074977383512 0.19208173171955423
24160 39627757608502998 0.17884504231893783 -2.9651698837187723 -4.286937877601304
24178 39627757608505746 0.07488778408642496 0.9494935025959421 0.8580323503629188
24201 39627757612698364 0.12311345059407011 0.832389593060725 0.9937457162350256
24236 39627757616891188 0.15893325956654933 0.20863529364578426 -0.5680368962339344
24352 39627757629473881 0.17665478269242027 0.9018784732224958 0.92274480659853
24838 39627811895382202 0.13089879846679653 -0.04539620296418434 -0.06963141962478403
24844 39627811899572500 0.06416918558174116 0.14669587012576812 0.4044209315607077
24929 39627811903771276 0.19982922512054277 1.0191299520256507 0.4481477366934996
25029 39627811916351267 0.09696648582883946 0.8147551724296136 0.8745255090734645
25056 39627811916354121 0.09588538456115794 1.8387194633805848 1.4053379738352305
25084 39627811920545848 0.20653477162039788 0.8253794810807449 0.5687142697424861
25090 39627811920546814 0.11183867797132754 0.3392502936158053 0.9048011169315942
25216 39627811937322388 0.11234321235260075 0.06236316382182849 -0.0508176991415894
25220 39627811937322994 0.17304772455738174 0.6611956557317171 0.5567660016595255
25316 39627811945714953 0.019669579009644885 0.41502112415400916 0.5150088813361435
25385 39627805922692713 0.10924611588555125 1.0595891229068002 -0.025941639066331845
25412 39627805926884506 0.09960435377527418 0.3232770179392901 0.3703658672702659
25426 39627805926885458 0.07460006492841553 0.5371294184487851 -0.15956227307560766
25434 39627805926886081 0.020514641290223904 0.41449695117535157 0.5946836484126834
25453 39627805926887801 0.020780406451462955 0.6453750471337116 0.600367387211918
25532 39627805931082733 0.15564476152989185 1.3895568255757098 0.7051372654204897
25604 39627805939469351 0.08230783617157542 1.4138216231722254 1.0750034569264244
25810 39627805960440240 0.09853933832855519 1.8734326555995722 1.4670137605708078
25823 39627805960441976 0.11301346336065517 0.5458254854711413 1.3236985531257233
25967 39627805981411206 0.13329033675479213 0.24977596803364577 0.689201878582935
26065 39627805989803448 0.09172032776718321 0.17995593652267416 0.8040439705355311
26078 39627805993995664 0.022980381138921813 0.725614917686471 1.192694260907956
26083 39627805993996663 0.0240285948462484 0.338050064280651 0.9515175865308265
26167 39627806006578862 0.1715973842203135 0.17234005793216056 0.53410718458872
26218 39627806010774950 0.20366833566960546 0.8324907711657943 0.8897018247917003
26230 39627806014964468 0.1357720591545147 0.831461064782161 0.49818119488645607
26274 39627806019161119 0.07605450505694035 1.5194077036212548 0.970428718450421
26302 39627806023352849 0.21875541444264013 1.19395059616636 0.22007598315485666
26340 39627818660795692 0.027150376574835447 0.4242580311083657 0.30975907758329413
26370 39627818664989434 0.19600883075095094 -0.7458251121570356 -0.7742968116890552
26503 39627818685959053 0.034991890912670964 2.244417818625152 1.8356241190067522
26524 39627818690151788 0.07914696868870516 -0.4955506973010415 -0.2990096049452404
26581 39627818694348829 0.1608922566980412 1.4450418036685733 0.40779157538872823
26722 39627823949810158 0.09410870543857551 0.4730696608285143 0.25335369643289596
26766 39627823954006217 0.07660706711170255 0.6064774079595736 0.9779858087931643
26843 39627823974974782 0.15279096913907697 1.7963497535611168 1.9655440206770436
26854 39627823974977074 0.27186740577392216 -0.5443681802380524 -0.7134465130538956
26890 39627823983365094 0.07808507653875663 -0.5604239760841665 -0.1684720076245867
26926 39627823991752671 0.16327827073960288 0.6928329964439399 1.194794378302504
26962 39627823995949758 0.08450740773517243 0.9242234460643886 0.5835668166482719
27046 39627824016918007 0.14880660655024158 2.300313326451942 1.69633268211237
27133 39627824037888910 0.12571971737172224 -0.1125819034741653 0.1853115482863359
27174 39627824046280024 0.1112046277334449 1.5054930431060711 0.6430527266638819
27191 39627824050474009 0.07356143236072922 1.2290858276328436 1.1972927080951195
27312 39627824079832086 0.07935093020459405 -0.07872666114872118 0.3797790561311558
27518 39627758241845066 0.04141537577184561 1.326093168526313 1.5754703782486104
27619 39627758254426570 0.08230289422397617 -0.23072661661535676 -0.18228431315401394
27646 39627758258619067 0.08270545019010159 3.080056401220645 0.5159801813060767
27690 39627758262815633 0.04274392846204782 1.2954684238393384 1.2956445053669086
27803 39627758275396325 0.0675712060659413 1.5787654011592167 1.616607635355649
27881 39627758283785045 0.02293042539583867 0.7374664020780983 0.2031958609168214
27922 39627758287981776 0.04150522592137505 0.45969729551507044 0.49533410133608413
27927 39627758287982263 0.04143626014330806 0.42541356957553944 1.242225924158447
28038 39627758300567363 0.1181668666148318 2.8964835145343386 2.015409539905704
28235 39627763560220037 0.1798119572249592 0.8579586319074224 0.31105912741713837
28322 39627745994474956 0.054082220596778384 1.533756641826585 1.4676484094970874
28391 39627746007057072 0.025087463142042774 -1.4762225794565893 -1.563817036247201
28702 39627746036420364 0.09788230598098649 1.000652316714877 0.7011924854614335
28741 39627746040614889 0.08033169868957299 0.9855113494177203 0.6291478849079795
28793 39627746049000656 0.12423062209386207 -1.1633706268848982 -1.627609289920656
28798 39627746049001661 0.1293066737043582 1.4274819468246278 -0.12183566443218297
28804 39627746049002915 0.16574310350133456 -0.447641624598873 -1.9677219775830963
28832 39627746053196053 0.055500657475452186 0.10704387129680981 0.46351259125094657
29141 39627746090942717 0.05405515146492428 1.4596249592541426 0.7120271082058025
29250 39627746099332809 0.05611463726601256 0.16369277168814733 0.29491916701408627
29252 39627746099333306 0.05643091700683907 1.1267957038771783 0.9350496271072188
29536 39627764248086558 0.1394286767917481 1.3676659443135577 1.220887030161066
29603 39627764252282352 0.07208920492102948 -0.6837380773140467 -1.4576210875929974
29689 39627764260671792 0.132749963026438 0.2819211476980854 0.2076304171132506
29705 39627764264863416 0.15307704784217063 -1.9384853396259132 0.2791140044346321
30006 39627764302610564 0.03484141081579354 1.2588377254423904 1.2868038581373185
30018 39627764302612355 0.1197167868101166 -2.9532681464288544 -3.789400689521244
30152 39627764319393887 0.08360148355761464 0.6834572884463341 1.0713415371619703
30214 39627764331973010 0.06971853289725531 -0.8539942474662894 -0.7363831156217202
30268 39627764336167574 0.0862795507045807 0.2964925819687778 -0.20166402920767723
30418 39627752206239583 0.057032971293091046 0.5904783722053253 0.387011962356155
30659 39627752231409504 0.07743266348834081 2.5380191900376303 1.1279244376892166
30763 39627752243991995 0.19721847006763038 0.06513331822498003 0.19258955285476986
30958 39627757499453054 0.16290257502050912 0.6002989308472024 0.3633518692386133
30999 39627757503646953 0.08165012550687134 -1.4166053861126784 -1.4410612596748251
31116 39627757516230341 0.0286030897075011 1.340940549042898 0.6934188690793235
31200 39627757528809950 0.11119637324843458 1.8590168302325765 1.070068496890599
31342 39627782271009136 0.12177847926893146 0.2712695903774147 0.6765244344614985
31489 39627782283594056 0.16859069821644349 -0.5367076415850534 -0.4620879755129863
31529 39627782287788694 0.07733282168875516 1.559991460103447 0.22686873471411673
31530 39627782287788848 0.12070446802929483 0.8502893067343393 0.5480241481654957
31596 39627782296175203 0.051775131213069675 -0.0031726429760965402 0.27931008225277765
31630 39627782300370278 0.05315249112752441 -0.5194846046551902 0.36795222736964206
31641 39627782300372450 0.052024425615010556 0.26780009058620635 0.026062228770570073
31832 39627782317147013 0.10280710068863216 0.05408840952168248 -0.4389730260718352
32025 39627782333928117 0.030629113105781258 -0.8395151013601208 -0.6341042737267344
32026 39627782333928162 0.03009461098433412 0.5164083290337658 0.9479740784499882
32065 39627782338120780 0.1313012129355982 1.527531849080333 0.8170246337722347
32152 39627782346508244 0.05542208244297427 0.7399053923381871 0.7370902765496794
32349 39627739380060759 0.09410765232683357 1.9286541604878948 1.6700997074676707
32520 39627739422000950 0.018710873045395683 1.3441705965233268 1.1568344792385687
32646 39627739447168742 0.13013714308981075 2.364419755171184 2.526219404015137
32653 39627739451359377 0.08230851846697262 -0.6267695385440675 -0.3122681953418578
32764 39627739472332585 0.24317199716833818 -1.5143179135038736 -1.841308938963266
33075 39627739552024425 0.08304492420166985 0.7090843273408609 0.3576661449396852
33225 39627739593965909 0.11159737102931397 2.141206622158279 1.513003057336391
33296 39627739606548717 0.31191981256379536 -1.3003171989230395 -0.7105365017851
33375 39627806279208801 0.04818134689220508 1.458072357833771 1.2848483013440273
33408 39627806283404930 0.022565101313826844 -0.05780918294294679 0.05125204973774089
33487 39627806295984191 0.07552590958887966 0.15715891374838975 -0.10534604480471899
33587 39627806304374876 0.033542975977207075 -0.8133604761451352 0.41093199012630066
33679 39627806316953638 0.1522640449378322 -0.22885502526605705 -0.8785130922033204
33680 39627806316953787 0.08918039424325405 0.6231290535197331 0.010007947174926812
33892 39627806342123604 0.07157312839926115 0.6866044157877695 -0.0003828666021945537
33908 39627806346314284 0.11494809530219628 1.1810665775683447 1.7595515411721863
33962 39627806354706198 0.1302325955834598 0.4042758111236253 0.29602521692595474
34024 39627806367289306 0.1291231307382282 0.6747518712772944 1.0634894161921693
34151 39627806388258744 0.17984519463351395 0.24843785366374505 0.05871780205779942
34340 39627745793151461 0.04726542596656657 2.1448877980892576 0.858617643370053
34486 39627745809925559 0.13650569499669135 1.0360118071967008 1.1577631426025619
34577 39627745818312805 0.07718924538639736 1.5175753616613292 -0.8879533325998636
34579 39627745818312846 0.07640660243297495 0.4951108922368803 0.5408963686140851
34587 39627745818313351 0.08827700270099952 0.5397549700292075 0.9022050855819543
34632 39627745822507268 0.08028377082418967 -0.5654094471474309 -0.5851954381278119
34647 39627745822508616 0.08388084449698142 1.0882044037243759 1.210630626602324
34711 39627745830897623 0.08634116039379561 -0.4488127555550818 -0.36622168752455764
34753 39627745835093779 0.07208630330477699 0.1826185618301679 0.06778706560180581
34855 39627745843482022 0.105236630170451 1.1691100288671805 0.5320033246907769
34877 39627745847673426 0.014398010949445662 0.2345839644103762 0.21481902387313312
35006 39627745856061561 0.0215119693453648 0.33962009408969607 0.44661021385945787
35058 39627745860256238 0.0698324262796907 0.34575156885421165 0.5948726180577069
35187 39627745868648948 0.08459400511631437 1.3050597004685187 1.4248639562856624
35440 39627793742435101 0.1351179596243776 0.619344421275855 0.4779966471651278
35494 39627793750819309 0.047105883044043395 0.21885319371358491 0.16461290194001776
35532 39627793750824040 0.07693788770038386 0.966276234009456 1.256630717209191
35560 39627793755017654 0.1609678720272134 0.30819835274905927 -0.6447105861698219
35583 39627793759211778 0.047723937482220646 1.1453011021631028 0.6842372380351662
35656 39627793771790452 0.07831446475747071 -0.20038590193144046 -0.18587614187981671
35871 39627793788569184 0.020633324241108253 -0.16636250118608586 0.6648385269372739
35877 39627793788569890 0.08085551392106169 -0.0878683843284307 0.9407038962617662
35923 39627793792765267 0.1641101570388465 0.7631175427786729 0.19868251302341378
35995 39627793801152384 0.2182263487507913 0.7033626787770118 0.023567764715153317
36245 39627793830514376 0.1282273335329022 0.24604363020353048 0.7618104227913136
36324 39627782040326870 0.12891826007793555 -0.39683765306835994 -0.585081553242162
36475 39627782057103781 0.13946716293545103 -0.8825578187961582 -0.387742563862048
36621 39627782073881372 0.18091403188525035 1.4281900996102195 0.886061100310144
36664 39627782082265868 0.16894802566877665 0.7258624588030216 0.9178682681304053
36820 39627782099046336 0.176217081159349 1.4032660356515407 1.6638592607068858
37159 39627782132601973 0.08773390161622537 1.5751026169036777 1.2188324141825433
37226 39627782140988381 0.07705832301902862 0.4554319710314303 0.6964302148071511
37249 39627782145179989 0.12505387429727047 -0.07930777340425266 -0.17756498537983134
37553 39627824599926415 0.054982499296115483 -0.2346980133715988 0.3908035938829926
37944 39627824688008782 0.10393505637625812 1.8647525441047037 1.636259254275501
37972 39627824696398412 0.0486791516829831 0.7168001324071156 0.6485128149861339
38110 39627770199803386 0.14098414729586708 0.6094456146047378 0.2624436082487591
38135 39627770199806346 0.14023813676943805 1.8395054625407283 0.9743810172731173
38197 39627770208193585 0.050245019650088346 1.8060018199439583 1.2439722223061835
38324 39627770224969180 0.19980639427614447 1.6186401420873153 -0.14817226240211312
38373 39627770229165023 0.138550578923647 0.699341451240798 1.1992476448422167
38393 39627770229166954 0.052444454380796666 2.4369517779550733 1.654651421094968
38487 39627770237553868 0.1036249025928001 0.6492205017302695 0.4087031396156817
38603 39627770250134586 0.07250707259088641 2.0990209103565576 0.8780156862767399
38638 39627770254330172 0.04811242038594504 0.993939327332555 0.9499026112107458
38698 39627770262717002 0.13159451304012368 0.15058223478445143 0.36491475513776095
38904 39627770283690030 0.10618672710350205 0.20804623273488687 0.07603811344688438
38942 39627770283694083 0.1383120557827684 1.1421029238081246 0.864783266077211
39055 39627770296274639 0.07195287990803285 1.4343794520300435 1.6059091125407576
39156 39627763803488874 0.08366959864308325 1.3622715888168386 1.6273862437528805
39185 39627763803492637 0.16930305588538694 0.02786387315063621 -0.19827151175468316
39192 39627763803493548 0.09427770432221119 0.3492374071965969 0.7450617240492647
39194 39627763803493797 0.09475506465744787 0.6107119405241974 0.7100661913846125
39255 39627763811879792 0.10816021220672135 -0.054625480071081256 -0.4640567771039059
39365 39627763824460506 0.1817615059483119 1.8442502967554901 1.7843856722411147
39377 39627763824461470 0.04816327257655653 0.17305408365791664 0.42132278183999006
39475 39627763837043287 0.04656955461475533 0.9594058633228997 1.1372370896488064
39597 39627763849626902 0.040686624231744094 0.7555857078459667 0.6273597343451911
39650 39627763853823200 0.08401247219950704 1.726198918283444 0.77853537140345
39720 39627763862212721 0.14139901883661582 0.17382731228008197 0.9071547779176399
39728 39627763866402996 0.022686734837415495 0.247148932699929 0.7683218438633048
39737 39627763866404732 0.24591564520975207 0.691020497702084 0.6676288908802235
39772 39627763870599776 0.08519615812375102 1.4029718352940108 0.9932484785476845
39856 39627763878988413 0.21483594683032506 0.23415968129120301 0.15888690288193175
39881 39627763878990591 0.18824681912217806 0.5041285165916634 0.9121712013857177
39889 39627763883180594 0.12993822423987836 1.2261476885978482 1.2976584379921405
39940 39627763887374893 0.08073507572119161 0.437735729191445 0.7186469534390199
40012 39627763891570712 0.08397904075652618 1.1117437760003668 0.285452576699754
40045 39627763895763575 0.0840018782291702 0.23927549138170434 -0.2294178509764606
40093 39627764122257045 0.05512724881070423 0.8734239938148676 0.2735606906171597
40193 39627764134838374 0.04934932119750123 1.5968222059509571 1.7271571876644884
40236 39627764139036762 0.0543970595826626 1.0802183418427376 1.0038550386616407
40363 39627764151616788 0.2901342455088245 -1.1041236036162445 -1.1416270908976003
40373 39627764151617849 0.13735834880537717 1.9047940947466486 1.3133074545958152
40399 39627764155810146 0.15101517238137585 1.0467862011873876 0.8353859029839441
40601 39627764176784303 0.0865218630922969 -0.26070855445595953 -0.21286235823754396
40641 39627764180980653 0.1482911818743108 0.6736101112546748 0.24926114933896315
40966 39627764218725370 0.030184694620787114 0.5625526414360138 0.8648968347915797
41118 39627788164010714 0.10137029522860343 0.9002917334728409 0.7000732340848117
41376 39627788189175974 0.2531473747706515 2.893490283905521 2.484097936874605
41691 39627788222729564 0.11468129960996219 0.6673218288742646 1.1674126462930872
41867 39627788247896630 0.16529686819613362 0.8596608904754248 1.1816291853101575
42051 39627788273058298 0.025334698016480812 0.7599444186598703 0.7024817439241815
42093 39627752076215246 0.21680597033557783 3.9220400316116866 1.6467542638301893
42196 39627752080412951 0.07736707948999813 2.6920830412318537 0.5223588742910579
42341 39627752101380826 0.05499121415848274 1.1862444550652071 0.5095441892899544
42369 39627752101384443 0.08372021006912103 0.3010143768906346 0.55235519856069
42428 39627752113964787 0.05593200092257781 0.7035995059186462 0.673658953535778
42476 39627752118161257 0.055539352498936934 1.3158862810969367 0.4151603228037857
42549 39627752126548587 0.07959014018057974 0.8978565856268688 1.361086022849122
42613 39627752130743949 0.26099426034600703 1.6014768948916753 1.1343996352425165
42716 39627752143327219 0.09331130148113319 1.3786532922586048 0.40632782702050463
42751 39627752147520742 0.08182899861839106 0.697472962453503 0.49621637330437807
43208 39627763908350217 0.047717422770600204 -0.0004416868687258102 -0.10326569145308895
43307 39627763916739121 0.0817573795923206 1.0049433121803304 0.3139982917064117
43316 39627763916739914 0.11225575719092311 0.6887842923060816 0.7635236333362627
43383 39627763920933320 0.0823631465756552 0.6396841262057933 0.8497475279900755
43494 39627763929321414 0.10551714510990176 1.169230689183678 0.28159328826768615
43587 39627763941900657 0.08292700212026018 1.6443726300030903 0.8646117851994859
43633 39627763946096850 0.08602324551770077 0.7611520531099814 0.2880567460633756
43689 39627763954485884 0.08634096103775174 0.8889775740744881 1.023012820650365
43978 39627763983843676 0.05538278381119909 0.1948046516690738 -0.014188972470947192
44069 39627763992233048 0.05967528860648077 0.3780928172809581 1.057209982034692
44103 39627775740478699 0.07030022005263724 0.06784836723727494 -0.3202293136209846
44175 39627775744674505 0.10808422562833041 1.509875085764179 0.7948258300830275
44551 39627775782421848 0.1139254261686643 -0.08142774845418899 -0.08216529780565907
44721 39627775799202876 0.21898248446492474 1.3381227924583072 1.9697738982558803
44885 39627775820173645 0.06386079578120832 0.17808859520209808 -0.187109911731568
44894 39627775824363971 0.09141129754226998 1.6941458964329286 1.3491969984825118
44965 39627775832754804 0.13252471348576608 0.7663155605041538 0.4210202902713718
45025 39627775841141152 0.13255162407399446 0.5905726023129318 -0.0939874149780735
45068 39627775845339017 0.17053440616088686 -0.039021659053105395 0.8140133442548176
45073 39627775845340390 0.04736236430790422 0.9230963189729664 0.8812218962466432
45365 39627776101189716 0.2111669956845374 1.4308672919050878 2.003715419726177
45411 39627776105385027 0.07619889851026727 -0.6257315619750443 -1.113486767944778
45477 39627776113770860 0.09368499099359803 1.126606508552868 1.1375342112723956
45492 39627776113773734 0.0766525938946896 0.5091731729608 0.19887009931426292
45582 39627776122164527 0.1018612276434315 0.6633419635581959 -1.3796175116340237
45655 39627776130553189 0.06246850858274944 0.517821624042881 0.5276209269022729
45833 39627776155717135 0.030170850206277137 1.1448269888551295 0.8166787316404225
45880 39627776164102797 0.029577936625826844 0.18776290426285414 0.2470939442910094
46043 39627776185075732 0.02469362646785512 0.0861800978800602 0.01595728704069188
46155 39627769889427641 0.10914560059482165 0.0946551815050043 0.018647173385033966
46227 39627769897814837 0.10934839080361178 2.208528397560258 2.036392031702235
46276 39627769902011749 0.14192047599480667 0.19340051154176763 0.3509685896742667
46389 39627769914594538 0.01907302456274305 0.9908749823771359 0.9729447923227781
46390 39627769914594540 0.08216642738356582 0.9973324252978273 0.5478390045100241
46455 39627769922979718 0.08631856935723219 0.1757112065988622 0.21481916979973903
46469 39627769922981316 0.08068171091554688 1.4569322708593972 0.26917456835963094
46843 39627769956536793 0.08690415876911466 -0.01777629008211079 0.4446179598571689
46876 39627769960727321 0.08793256071579711 0.04804406544644735 -0.5229397665061697
46912 39627769960731125 0.11239330873894056 1.2553196284043224 1.1913791015467723
46953 39627769964924474 0.08462196853878984 -0.996050662680318 -0.33765374047652585
46998 39627769969116799 0.10897216173754992 0.9739893570776985 0.05854318306228379
47071 39627769973312738 0.04548514468053279 -0.3118105175535675 0.06631652358919382
47187 39627782367480311 0.3375231412134927 -0.017992780081840465 0.727899555010481
47342 39627782380062155 0.006367130136379461 0.24986083391377178 0.0487794531891268
47410 39627782384259601 0.19338429926838532 1.4750098100312243 2.008129901767461
47745 39627782426199536 0.042683932235839925 1.0543155028535693 0.5631348278939186
47893 39627782442976315 0.14214463790752352 1.1199259258019083 1.2718110273071943
48099 39627793838903271 0.1828630290442762 -0.7696757384828743 -0.8873910399779561
48120 39627793843094836 0.12601262739076446 1.3852495211367568 -0.19143762828934996
48169 39627793847292663 0.18272336626754462 0.08613930156298011 0.19808632887816202
48384 39627793868263949 0.10768127535078598 0.5924350611021509 0.29526364630783064
48401 39627793872454128 0.1181403086876249 0.28841532848491624 0.41455438335560757
48506 39627793876653132 0.12415829197713268 -0.475014171804105 0.9015422193488121
48575 39627793885038844 0.12677751457269895 0.41079371554133104 0.4673192408072282
48579 39627793885039291 0.17098920375030666 2.493946425282047 1.4408229848068004
48620 39627793889233264 0.02552085020714452 0.6847785849431602 0.717691648280379
48757 39627793901817350 0.17221989090342077 -0.9994794782542158 -0.6596127307120696
48877 39627793914398404 0.16416154985488288 1.143125792695173 1.2516820759474285
48931 39627793918594769 0.11405961968924501 0.9334423431864707 -0.16314229636918753
48933 39627793918594983 0.13357103360123837 1.3411212374239767 0.5219586722105305
49092 39627793947951179 0.08976906607109135 0.45031021075647004 0.25517470180875534
49437 39627793998284911 0.046467280503030166 -0.034001244853243406 0.47324355521232064
49706 39627794036033239 0.17588305045582672 0.8881612144978135 0.7424908353259525
49717 39627794036035170 0.12613612985885003 0.6999611077499139 0.42722709411737014
49802 39627794048616622 0.06843715344984289 0.4137476397017963 0.3545540739714852
49840 39627794052812762 0.25617159823898694 1.3372683698526089 1.218791345401769
49863 39627794057005637 0.08238495721686612 0.545610459155796 0.8551161025743568
49935 39627794065392026 0.08958720573412575 1.4995004824240823 1.0695999699210006
49970 39627794065395577 0.3317300858099984 -0.5655001416225787 -0.34490066941452824
50065 39627794073784764 0.08368588902908407 0.19316855681609013 0.09154677217793505
50151 39627745885423822 0.08777428295906216 0.9006928663147846 0.18167939251088683
50269 39627745893813337 0.12869559848692996 -1.17467764297362 -0.9732579908268235
50286 39627745898004518 0.15003558653508758 0.2902514061252077 0.18453615003181767
50302 39627745898006839 0.19265277212716442 1.2641770633053966 1.545940176233671
50434 39627745910590729 0.08882962198114291 0.40488616080892825 0.7454030589160539
50444 39627745910592213 0.2268575018952962 -2.1790217047273472 -2.661879032048091
50511 39627745923170787 0.0750209488458029 3.2160550909384256 1.6795581432188555
50707 39627745944142350 0.07598184597189182 1.074474905275565 0.7026895666158453
50708 39627745944142571 0.14787709534348265 0.8873843845185547 0.10286698028448882
50909 39627745965114999 0.19295320334032318 1.432105794511699 1.1596849407287664
50958 39627745969312542 0.1488102579254127 1.1060388553942175 0.608202160881774
50988 39627745973506187 0.14855535061312258 -0.9606940266721722 -1.0350794116147881
50995 39627745973507132 0.10316741265034671 -0.20911314191016572 -1.0735459085735783
51016 39627745977699284 0.10391543378907947 0.5423363424806666 0.6035139661107678
51020 39627745977699882 0.11431156447287114 0.30915097864635754 0.09775629567684518
51056 39627745986089110 0.10356591945885622 0.4468372888504746 0.20648286763571377
51097 39627757646253632 0.03976570856948904 0.7404413925414701 1.1141580009443715
51122 39627757650447183 0.16273793351721136 2.2048572827561657 1.476077533253374
51186 39627757658836708 0.06253684665914627 0.9731152172444126 0.9177346732067235
51283 39627757675610636 0.07175773618561938 0.26936408763776853 0.08794189487252879
51354 39627757679805756 0.14043897335639663 1.9391640371932226 2.073308937166985
51523 39627757700780511 0.11146319349262247 1.3170394681692414 0.5595361774321645
51565 39627757704973896 0.13548692882166005 1.6971082030595426 -0.3034986418524568
51594 39627757709165843 0.1112121459694894 1.8307376715511054 0.07329440212561167
51601 39627757709167132 0.10926011130169781 0.7809802478686834 0.9273293081841985
51663 39627757717556518 0.186456309702397 0.19858159909563255 0.36358516808559216
51670 39627757721747739 0.06372381018051589 1.4130055481864474 1.8025409652109374
51689 39627757721749280 0.07172274598055435 1.3284361116948276 1.3401840702099435
51720 39627757725946672 0.16755257577659832 0.68457276252866 -2.0306985021752553
51783 39627757734333228 0.21148231641232143 0.048324483059332124 -0.18570142806856893
51797 39627757738525618 0.048522871904639324 0.6154359856855081 0.9834543072956876
51900 39627757746917450 0.023473885542509197 0.4339514639113986 0.8466609175056874
51916 39627757751109759 0.1806968987309149 -0.4627295300069818 0.37380219839542406
51932 39627757751112369 0.0890778705081588 -0.11497820774911816 -0.5093200141964189
52016 39627757759501300 0.0792014167592515 1.0642774893494789 0.8095481563495923
52062 39627757767886938 0.003820710317481178 0.5018891897925641 0.30176301501160196
52111 39627745684099388 0.08669096450384604 0.041015815952050616 0.16829127988603432
52263 39627745700876483 0.08298181203890144 -0.2683681667822384 -0.020991327989577258
52294 39627745705070239 0.08203701455867818 0.5238198864490187 0.9444729872657263
52318 39627745709262204 0.009505175865575467 0.982229940529578 0.7446461912377345
52549 39627745730233522 0.0405949954904196 0.5189386601532533 0.5868658830086133
52558 39627745730235627 0.09658167509003286 0.8843190894813233 0.9391747148010836
52777 39627745759595174 0.08402474047189593 0.0032135394949364127 0.3769470562838251
52934 39627745776371522 0.08135083559633288 0.7097081888596222 0.266572976702264
53082 39627745793149144 0.1193154760846301 2.189338655784013 1.124430380488775
53334 39627751803586845 0.0854627234758292 0.07229261099746509 0.7112260424401029
53352 39627751803589002 0.18816938240622227 -0.2742472077788989 0.8973790795516834
53386 39627751807781195 0.2451161678472797 1.6772230227497857 0.8469178190171078
53598 39627751824558889 0.09551360535483336 0.548701406993132 -0.06858418039428216
53876 39627751849722258 0.16131479121848544 0.8909419684387103 1.0144879140243575
54037 39627751862305248 0.20438786778594512 0.1746447548684955 0.5036875826226606
54214 39627818560127896 0.08391434731922653 -0.41798000240669353 -0.3053893933456493
54319 39627818568518949 0.1695730506983084 -0.29288352592084266 -0.5060579292876355
54378 39627818576904747 0.16024216929725082 -0.27384002435246657 0.15569311522449425
54393 39627818576906423 0.11349530663696654 0.8025336318196423 0.8061347650818789
54426 39627818576909600 0.03232177384339113 0.6847692411847675 0.29243822684293264
54540 39627818589490445 0.055752965813910434 0.1429620103654088 0.02890874896911555
54561 39627818593681486 0.09358321838342062 1.7517898369778777 1.7338375382723825
54664 39627818602074556 0.12364549995536506 0.8204544062173227 1.8512061270494087
54677 39627818606264979 0.13748898798515907 0.06469504659798986 -0.9498225306824679
54756 39627818610465070 0.1160838673249498 0.06645266361920221 0.8203734292274021
54786 39627818614656334 0.07881194408766863 0.17138740208338277 0.09253100013756921
54862 39627818627235888 0.04968032389810183 0.6138455007376251 0.8300541440330562
54919 39627818635624754 0.04930117890253881 -0.2214591023621324 0.09489485202720971
55151 39627811954099475 0.12474978576665306 0.23467575973972998 0.593292151013884
55369 39627811970877769 0.13235857856483063 2.2667092995025087 1.667734067769743
55396 39627811975069914 0.047999319325851775 0.4983398203685283 0.7147249940580878
55430 39627811975073603 0.1088482129197038 1.2811038365116474 1.7073227720675277
55469 39627811979268324 0.10882508014019135 2.345277603944851 1.154329463488466
55496 39627811983460807 0.07391352726929401 0.24817694760167797 -0.5752265596775032
55539 39627811991848205 0.07897627734434547 1.4500161079286045 0.665855247521904
55646 39627812000237720 0.1110623895216906 1.0240850139098256 0.3547883283290503
55652 39627812000238016 0.07760707709149646 -0.270564768065924 0.11770419467393367
55746 39627812008626457 0.07736763356427331 -0.09117838723159366 -0.011012308843419305
56024 39627812042179181 0.09368631305000552 1.119904802725614 0.8405917706140826
56057 39627812046374198 0.10614223547829123 0.8977899812080068 0.30665785217570374
56062 39627812046374937 0.15835731449032686 0.8390491906075113 0.9224502855140599
56165 39627812646161190 0.07955453423101963 0.8130197931395742 0.881940256784219
56296 39627817901621535 0.13273897456086348 -0.6233282913653966 -1.15044397174006
56382 39627817910009891 0.3942971912176028 0.3394900753546608 0.29915787729714793
56457 39627817914208263 0.09441067802145998 1.111128456809638 1.1054971599178316
56551 39627817922596693 0.07729223372049249 1.2086546282116615 1.1681637227429746
56653 39627817935178922 0.036214110461413804 2.055835782329268 1.2946613247440837
56663 39627817935180040 0.13215400513112177 1.5768766621067698 1.4512031422909786
56668 39627817935180673 0.07872199027361777 0.7206836379491506 1.0090099206527157
56750 39627817943568060 0.0771279212077105 1.8918000040685001 1.4519424262562097
56785 39627817947760982 0.09564392694595307 1.134950675120308 1.0187789653864456
56789 39627817947761397 0.048910454793968015 0.4611220206670623 0.6662049262231449
56832 39627817951955542 0.08214557148005257 -0.49254081090475665 -0.2101563540072675
56859 39627817956148580 0.14150487573495757 0.7331010136222176 1.0538391642576244
56929 39627817960344380 0.02007191467979051 2.0802592654499676 1.6303328570975282
56970 39627817964539464 0.13139469935524706 0.30533635539723036 -0.06405972600168752
57033 39627817972928597 0.041182483142749256 0.8202192147909955 0.5077511533654615
57114 39627775849534535 0.14467975212878764 1.2590249065870012 1.64112327840121
57193 39627775857921564 0.08955086046049233 0.290839856119419 0.640212480372611
57223 39627775862115259 0.08270040419518164 -0.21018324904798646 0.29156552701988403
57267 39627775866311133 0.08299117528980386 1.057625640387414 0.8374007230067946
57280 39627775870501620 0.08333392396998754 0.03743092770855583 -0.11626204425738251
57368 39627775878889572 0.13586671221111987 1.564489197151488 2.188596496430364
57379 39627775878890480 0.08165776003335727 0.35663002755245543 -0.2912072756425914
57437 39627775887279380 0.09662024166841104 -0.23333557997375465 -0.30469729756896413
57460 39627775891472684 0.16120875781157626 -0.3643757639647447 -0.013692901521608292
57507 39627775895669633 0.13368187912727714 0.07584404882618401 0.34374555349677394
57572 39627775904056381 0.16196931856416485 -0.4553746312240037 -0.9304995652582875
57626 39627775908252416 0.0225643258336213 0.6459660201117003 0.6037060884482344
57819 39627775933417898 0.08467188328881842 0.08608422735414933 0.2398779902850947
57825 39627775933418995 0.06559490291176677 0.49184293215876096 0.7266414215573604
58038 39627775958582009 0.08469663546388696 -2.371502674488511 -2.3325389106157672
58088 39627775962778388 0.0637140103401352 0.9038905284005523 1.2740391854340487
58130 39627740051145552 0.05390274110255854 -0.6790354538516112 -0.5462612609271673
58388 39627740114060458 0.20562241052308927 0.5780626059558926 -0.39321909163845703
58574 39627740164396356 0.08353659720938952 1.1489305491477353 -1.1157909713720073
58630 39627740181172520 0.1528378573841668 1.4834801742954369 1.4556950954884087
58642 39627745419854163 0.09482117398905462 0.25423731486171164 0.6077888647296277
58660 39627745419855762 0.10262943059688488 0.33170171322490205 0.9863549951533059
58711 39627745424050785 0.17522141558207494 1.1775611767598093 0.44845851464742736
58724 39627745424052185 0.08388503661112752 0.6958347634472375 1.1057012185174244
58754 39627745428246716 0.16094537168555387 0.8271279632672304 1.3583039997220112
58881 39627745440829038 0.08666489202081544 -1.4684937948022707 -0.6339751634432105
58885 39627745440829202 0.10383472883927983 -0.364032901682549 0.5056510427157264
58911 39627745445020151 0.13756935627756045 0.24811856823180278 0.808910720734275
59029 39627745457603427 0.175886006730606 -0.6714281337781358 -0.5082342096511638
59268 39627781948049661 0.18605318154547193 0.5280484513577903 0.21021757384642115
59333 39627781956441020 0.08450215363746245 1.274594775024525 0.609591724269194
59557 39627781985800537 0.09016762179624935 0.7384422119248484 0.8405312925387989
59563 39627781985801279 0.18605182392519723 2.6252273509853694 0.81435475993203
59609 39627781994185050 0.13673446852755589 0.9871762149869028 0.5102569511946058
59704 39627781998383791 0.1402824509153145 -0.6113269693296388 -0.32124483372990653
59773 39627782006769509 0.09068452113480015 0.29429215883646975 -0.41670002202408796
59856 39627782015156700 0.13913379930023578 -0.6194993980489016 0.11345760225594859
60046 39627782036130869 0.047738585567749764 0.4238603236508425 0.5455806809432033
60123 39627758103429891 0.05388420104728038 0.38965996788738266 0.7050692343073024
60224 39627758116013082 0.22611932690943365 0.6397981419886491 1.000760919268032
60268 39627758120206811 0.04991985987554995 0.2136834204684419 -0.21395448280782148
60350 39627758128599284 0.08228236907391401 1.5369497828769454 1.850848408686943
60566 39627758162149709 0.08299155338543074 1.3715315558511065 0.4880119769186422
60621 39627758166347591 0.16293774775614261 1.8462514241073222 1.749706417379457
60690 39627758174735204 0.07984381802282883 1.5775496636206299 1.6595673384299516
60903 39627758195707734 0.24462693737058322 0.8647159187976285 0.3229743822075761
60909 39627758195708345 0.056294105249742606 -0.5427236438445107 -0.5167755323136589
61107 39627751669368532 0.18811991786813703 1.0020382168322612 0.8468706605226544
61109 39627751669368731 0.11262774411697847 -1.4240227923346538 -2.1617494159872876
61131 39627751669371035 0.10916842657756881 0.9858487699766556 0.6029290937840415
61324 39627751694535930 0.0474285279357335 -0.30027578479894146 0.549541259131729
61501 39627751711312105 0.0603835320029073 0.7643456294827047 0.5323368656081584
61623 39627751719704159 0.0476348270004426 0.9839522032270906 0.11473932482658711
61770 39627751736479913 0.0854389085566811 0.3906450922468139 0.037757200150736026
61799 39627751740672854 0.08342370777279401 1.7032834109313626 1.5243570111160807
61887 39627751749062749 0.08273426516403556 0.7007507776006605 1.4772004579672284
61913 39627751753253653 0.08241336771795331 0.5006809121659899 0.7863841044663786
61940 39627751753256183 0.11982372757921807 0.28124567337908957 0.36091707004197815
62008 39627751761641606 0.08677645347365533 1.083273794919478 1.1366709920475841
62076 39627751774225026 0.08253777641340682 0.6053307417478209 1.175488299153585
62320 39627770103338322 0.14936060991346162 -0.3317897238102887 -0.01235268562049896
62342 39627770107529870 0.15198219200032026 0.6367718452020199 0.5349539128492324
62592 39627770145276252 0.10611483990902787 0.7127244873836389 -0.041178694136760896
62619 39627770145280605 0.22244526288536814 1.768514793315262 1.3454880405770382
62765 39627770166248005 0.05197699064208953 1.2618820202606003 0.1781616118914826
62828 39627770170445579 0.02420826891774078 0.7283845179581476 0.7399669492851899
63007 39627770187224569 0.1241228324946287 0.17091236960550305 0.5896968892939185
63055 39627770195608357 0.13910400210723692 2.4689278409241524 1.91142414249407
63197 39627745474380916 0.1463869452662338 0.6663789119420471 0.8080704355206763
63284 39627745482771292 0.10802557793918374 0.857085146537429 1.0661580594260158
63317 39627745486963787 0.08094800521484671 1.2752935436265034 0.9872856269275871
63319 39627745486964241 0.09512685700012663 1.1218886673441375 0.7402192439330975
63440 39627745499545891 0.162758164698879 1.952382087719343 2.0324465877647526
63464 39627745499547442 0.10727294931152932 -0.4819179778942271 -0.46266612096860626
63515 39627745503741368 0.021252923638507358 0.7156790804801858 1.1846580132205418
63632 39627745520518011 0.10272953104549326 1.126305700674493 1.36633566457931
63635 39627745520518854 0.11178544401921565 -1.0382974639815075 0.8022459373742095
63852 39627745549879708 0.14439978326800543 0.6643237311136545 0.28391716757050744
63905 39627745558265964 0.11606618513220172 2.1463581422858624 1.2665255474048536
63945 39627745562460418 0.14923680192446354 1.1585278357715652 1.3187722064913032
64077 39627745579237773 0.07736645393832667 0.9983541092897212 1.0024428462129436
64102 39627782149378020 0.07598462296814065 1.2835451846349315 0.444378424939714
64415 39627782187127697 0.2008840799668579 1.197754074300974 0.9172082304603464
64466 39627782195514138 0.03008061622844511 0.009025759563883184 -0.5659917675420729
64476 39627782195515794 0.10761704335093811 -0.839271825167998 -0.5948158028404578
64489 39627782195517170 0.1051386558083074 -2.134304083519055 -1.906189003999316
64496 39627782199707165 0.14569134642196643 1.0373734587419676 0.9476039336650501
64852 39627782241653774 0.05313261944834767 2.3308411337757207 0.6962833988427519
65032 39627782262622177 0.12874477455827787 0.28279692152045754 0.7126337933896139
65122 39627824088220436 0.025638632139345564 0.4511027889611796 0.5003512260673233
65219 39627824109193393 0.09729787641694163 0.8179131133028932 0.752030810343058
65395 39627824146943052 0.04544124779023826 0.02378670758116641 -0.005048740158599685
65585 39627824214048990 0.06825385560945073 1.3643268902105774 0.054193229945667554
65724 39627824251799009 0.041009379579062526 0.42559943307333015 0.29845180141182936
65792 39627824264382221 0.11954865143411506 0.41660242640773504 -0.008332283937306784
65874 39627824281159778 0.09410810587882139 -0.16999590712202917 0.2296129107071465
66031 39627824314714712 0.047445350661767936 -0.3789033104267219 0.47570806105159136
66065 39627824318911554 0.04824972941846659 0.6096515071785689 0.4286699000385852
66225 39627775979553513 0.03936522970063308 -0.2511694297190843 -0.04041335823421832
66273 39627775983748906 0.09483458356483472 0.9681041756984996 1.0045398977445075
66275 39627775983748972 0.09500786317982705 0.8109730577343726 1.3408104852978795
66297 39627775983751350 0.09714779729265202 1.1647951552204177 1.0752675460889805
66328 39627775987945439 0.08586243365020822 0.1137969809678907 0.7365578250246472
66382 39627775996331511 0.11718686930491666 0.45885197933239397 0.059404902708593
66419 39627775996334246 0.1383468997359124 0.5100726649661738 0.3647590398959437
66434 39627776000524544 0.11023240605067884 0.36943458057885437 0.5850373006524023
66545 39627776008916397 0.10972149105314481 1.5083405827235765 1.3470699677091034
66585 39627776013108826 0.08304104383268138 0.5471377570456752 0.6822135485144827
66726 39627776025695284 0.18731775596588943 0.571136836043479 1.1292859661116381
67173 39627763673469704 0.13418700148323012 0.505713648362871 0.5047056982521099
67360 39627763698631383 0.15484670926928423 1.4940285931706967 0.9103301308059599
67423 39627763707020850 0.08032168800537637 -0.9521269423676131 -0.7901747250771223
67451 39627763711215048 0.11447425606893302 0.7113847360633372 0.7939295992373445
67595 39627763727993952 0.11189110969407955 -0.03910366656418773 -0.020358916684926953
67612 39627763732186559 0.1178781008133486 1.5964850490317986 1.0775655513543825
67705 39627763744771840 0.13522193335600702 0.887807502483156 0.6296995284910736
67730 39627763748964089 0.048363853195106506 2.8466956511074386 2.2134495487734966
67829 39627763761548420 0.1488495556388348 1.081958922947706 1.144362544415344
67926 39627763774131453 0.1383162988553055 1.952635759154873 -0.06176060189409327
68020 39627763786711784 0.17002047422453254 1.8983371407548475 1.2545556058494185
68046 39627763790906718 0.08363461871987003 0.7332666888460153 0.9185850991461848
68209 39627745596015859 0.09337325237101836 -0.2842065043732873 -0.16982543774611258
68319 39627745608601601 0.16241040159964834 0.9809962049403111 1.67390632335173
68341 39627745612793921 0.09182853369758331 0.4299879001910085 0.5365890851498989
68409 39627745621181795 0.08261962190103622 1.0120816700209616 0.6834042665022935
68445 39627745625375387 0.08133023027330495 0.9609986986197327 0.8363037905437523
68587 39627745637960613 0.13435096075476458 1.5846248944189938 0.39390266236750904
68596 39627745637961958 0.11948368702771145 1.0698324312179466 1.7469933686606964
68601 39627745642152500 0.07068533586364491 0.20767810080178606 0.40590375532883627
68695 39627745650542824 0.08073532728328159 0.13490260180697078 -0.3151353443035987
68825 39627745663124761 0.07783965918138529 1.7295662844635444 1.2633342920553332
68892 39627745667320013 0.08958931739189059 0.49428455598445 0.3808094346577491
68901 39627745667320716 0.047591206339175164 1.4986553093085604 0.6799700990168276
68912 39627745667321583 0.06018828440000619 0.6284954212778757 0.35321423253117246
68987 39627745675706868 0.08498725570839899 0.803021763011202 0.846855499465164
68994 39627745675707435 0.08565036926319954 0.1244250644758722 0.16555417663312255
69054 39627745679903716 0.08150209404324134 0.638258295808555 0.12741590252699098
69271 39627806056911025 0.12601573215268722 -0.16021530524994887 0.0045927638457214925
69306 39627806061105063 0.07208542988003062 1.5569291009378503 0.5998473230110903
69309 39627806061105791 0.10710545514007495 0.6965721681826835 0.3795123170802981
69508 39627806090466151 0.08234816750019829 0.9718998980360993 0.631028732712366
69538 39627806098851252 0.09708845496669488 0.6598882545031302 0.6442115774298145
69660 39627806119826795 0.08142464970840607 0.2682646025214126 0.2710976905491407
69664 39627806119827699 0.08197841861455384 1.941402794743226 1.8065282197139823
69734 39627806128216016 0.06816554444369757 2.690199483595279 1.591528582817773
69754 39627806132409181 0.17767608947087749 1.2223031176563381 1.4890044757148644
69786 39627806136602449 0.08279830114142644 0.33537790070658957 0.2763991837800859
69933 39627806153380504 0.08173294130503787 1.339514741070161 0.5948668981181982
70250 39627794392548600 0.2611619399872989 1.5230382160498266 0.7101988829235779
70474 39627794413523109 0.08919077970538504 0.12638892490758735 0.4547878441235298
70505 39627794417714883 0.09566595278622382 0.8246338413373451 0.8016596797069724
70619 39627794430296671 0.05233892834770796 -0.9445747301015217 -0.1111358762391319
70627 39627794430298806 0.07872828060498784 1.6398369513126454 1.4471604481013856
70675 39627794438686502 0.13768052179628457 0.6257537098281318 0.6408600132690481
70704 39627794438690639 0.10771056663643426 0.6097972973429933 0.42879551311489195
70806 39627794451271447 0.10507467304613133 0.9946717922275639 1.3838748889320414
70994 39627794476438918 0.03702644001522414 0.6336385734466603 -0.47187868802848243
71051 39627794484825134 0.20028349091125627 0.5304990569484289 0.30459779068223725
71086 39627794489022102 0.12070730598503829 0.8866758001322523 1.104001524819978
71272 39627769679708672 0.07216781146662299 0.9754630980523871 0.7080338364985437
71342 39627769683908821 0.0808846143067068 1.0482537126144962 1.8398150123121013
71356 39627769688098057 0.1211459782120215 1.8961046622580398 1.1680589518073248
71436 39627769696487889 0.11953713367011087 2.2964709435746045 1.8712760152038754
71471 39627769700679767 0.06846258878037295 0.14803652713908377 0.3146047576183264
71585 39627769709069903 0.06964251981690754 0.5265513608837864 0.8354963826959647
71663 39627769713265821 0.15322769464781233 0.4504720021659523 0.7003552896667316
71664 39627769713266423 0.12089828945372091 0.2997098700107017 -0.5152203959487451
71669 39627769713267663 0.08704831592949795 0.500653762460388 0.8642597439138626
71675 39627769713268732 0.12208952302236631 0.642531201600832 0.49157441934403323
71832 39627769734238125 0.2035940625500683 0.20957890668796608 -0.12455628016869014
72028 39627769755207607 0.11713778067913677 0.5173626610576321 0.794530722613672
72122 39627812415473546 0.03337057184410375 0.9167540009857476 1.3165445868798997
72412 39627812453225614 0.17747949575211325 0.590638074335402 0.48316413579141226
72414 39627812453225705 0.025416201541759945 0.42914940952778124 0.33429590026298683
72583 39627812470002471 0.122565726101721 1.554026566970606 0.3784217776665173
72602 39627812474193666 0.1439427182514502 0.7973484436561193 0.517449128019507
72612 39627812474194686 0.11794115716627292 1.2950241894905048 0.9877945858897874
72729 39627812486776188 0.02596107678346049 -0.3080352814267826 0.14337282470933133
72784 39627812490974394 0.10268210557134375 1.2554863671784915 1.0084455972591968
72794 39627812495163889 0.11808979358010879 2.3241983770722072 2.170053860340886
72838 39627812495167611 0.12639096669642222 1.2638375779206399 -1.2487233900465071
72860 39627812499358602 0.10318523620131081 1.1818410430541917 0.7725908897737099
72959 39627812507748897 0.039674732853075996 -0.3721646050871641 -0.14585098521183681
72969 39627812507749630 0.04012359582000077 0.6338282278657061 0.8024373756725254
73046 39627812516137696 0.1994315099815151 -0.5241756120694845 -0.10421332712940057
73077 39627812520330187 0.12499898895422625 1.275845464784652 0.14793343473957066
73154 39627818232973392 0.07961851613532689 1.2417848833320022 0.5638403885332082
73198 39627818237169089 0.07876201191743595 -0.08656107605474972 -1.2979331635769995
73279 39627818241365091 0.03563139759236615 0.9127481138721123 0.5605030835786238
73414 39627818258141936 0.05904925111896001 0.25474770069286023 0.3906411585612659
73563 39627818279109054 0.08035111538677536 0.5507971100605573 0.7136767944102758
73907 39627818308469249 0.08195843599198065 0.30171675298697664 0.26129626171496056
73931 39627818308471862 0.08344490895538509 0.4403950752039236 0.05632228106333059
74116 39627799954199944 0.023844803013753555 0.3528649988129473 0.05838714097717457
74146 39627799962583206 0.11485869177692605 -0.6815755485949921 -0.8686584062143083
74212 39627799970973408 0.1379318336271399 1.525685010638881 0.6557618215156253
74403 39627800000337419 0.10842467159808739 -1.8203893768140915 -2.380516809816072
74449 39627800008723565 0.08148346508914492 -0.783136696791189 0.09175104055884731
74523 39627800021308307 0.08730216005199692 -0.24408154084176203 -0.2383084492494163
74528 39627800025498669 0.0888019004198157 0.10816216303283 -0.3807145143919115
74739 39627800050665191 0.12517973553501746 1.0598298831528155 0.6817700192168559
74817 39627800059056471 0.07773884917966513 -0.41758300412402605 -0.02913223881569138
74923 39627800080023948 0.022308669468927612 0.5601243479450204 0.3211801805337018
74937 39627800080026169 0.06815339641765362 0.45310843147035484 0.6758055855889324
74959 39627800084218325 0.07890827606850995 0.8006414104083888 0.7620233241923415
74987 39627800084222485 0.08097354485595191 1.1354266846738028 0.6103301435432513
75011 39627800088415248 0.06796697911790525 2.2181594999337904 0.7919337586426991
75155 39627794195415270 0.07789368458826249 2.3950904713956334 1.5573374617388254
75275 39627794203807533 0.12545267838982796 1.3648040865527946 1.2592645595259455
75479 39627794224778327 0.14615712884818144 1.9781944572287102 2.447714559560154
75592 39627794233164749 0.07781843687504962 0.24284481506037991 0.3432306269533001
75696 39627794241557127 0.07064334209503577 0.6479580709865331 -0.05479794528673665
75736 39627794245750503 0.1458805272144428 0.9049057905513109 0.7058628948852856
76050 39627812075737863 0.08986607149120598 0.2491441406091326 0.47961570016286714
76103 39627812088318354 0.08275109448200947 0.9300282154345041 0.680217279928911
76119 39627812092513271 0.09207511904622713 1.1590063426911001 1.464568566944763
76142 39627812096706648 0.08961342575779797 0.7097047315264717 0.44193517107305524
76163 39627812100901612 0.08432205140410143 1.0347364218123403 0.7482014291590531
76188 39627812105096123 0.14680204209720632 -0.5940402054948208 0.1612300763854364
76200 39627812109288486 0.2005738717519649 1.6019302440608953 0.9884151411488347
76252 39627812117676122 0.09703524875416313 1.000437559009697 0.9231151123149175
76354 39627812130262015 0.099397878155254 0.5737986958156398 0.47409222784608573
76355 39627812130262042 0.12401255190836721 0.8101868538869894 1.3213632457836866
76400 39627812138650039 0.1242272161045083 1.1284304344871998 0.13501877931594208
76486 39627812151234937 0.21111751951953173 -0.5533733040019797 -0.23639377571089426
76617 39627812163818098 0.0810572858465093 0.18407105534424772 0.5791315486349049
76709 39627812176399908 0.09761782605128969 0.04160295100246003 -2.201607277246694
76801 39627812184789430 0.08107646854560806 0.7285594107579527 1.0665321691867575
76871 39627769579047719 0.07975620808532975 -0.17585144955410215 0.07705114961208892
76928 39627769587433759 0.07701447103910615 0.2276167750806053 0.720589025215304
76994 39627769591629144 0.1386173891574457 0.7013732766636167 1.159317567882681
76996 39627769591629622 0.08068014271264828 0.6944023534451844 0.02504369029429654
77007 39627769591631060 0.07701574217628507 1.1522954251367992 0.14962389947049815
77207 39627769612601244 0.06911569569997969 0.8218521901944769 0.6682250484682299
77425 39627769633571309 0.14117185601208398 0.15460159257600026 -0.2341655542531953
77440 39627769633573517 0.020681380627358113 -0.6259202874962284 -0.1915382599518125
77561 39627769646158293 0.15483790600670735 -0.8296958091805209 -0.7950081801172928
77611 39627769654545321 0.23481227238441799 1.6675726685834888 1.860818142718017
77614 39627769654545893 0.12999980038351336 1.8945707952116209 0.46741072169243125
77693 39627781729948619 0.12983387325401022 1.5783459800577475 1.7710435108047022
77774 39627781746720833 0.1039647300140092 0.8961947073903502 0.4962925251093111
77875 39627781755109500 0.1269781766175489 0.8668649686296703 0.8935488257075122
77999 39627781763501076 0.11825929189386179 0.14898906193866424 0.4286083103115743
78219 39627781784470844 0.07910709585536342 1.2319885288479782 0.8553488512070544
78265 39627781788665679 0.15777545531634163 0.21541197055739758 0.16331931245258602
78490 39627781813832148 0.11529918311710236 1.3129413874657985 0.7460342904341815
78510 39627781818024271 0.07940244797825238 0.42184820112561283 0.2917922978540446
78544 39627781822218453 0.11613828605572209 -0.2836127112932445 -0.048752925715234596
78627 39627781826415744 0.21263257936089353 1.784439535362253 0.9641000744895791
78733 39627739623329138 0.08521017265848484 1.0713188128966067 1.3171393425227507
78735 39627739623329288 0.08999362598145341 0.4620539685329277 -0.23557432601774053
78868 39627739648493618 0.10950729596649907 -0.34302246411425585 -0.27548794799531606
79180 39627739719797703 0.13826980880108394 1.5460499230684945 0.6125328801526848
79231 39627739732378472 0.21607241593566978 2.2758775288230026 2.7939176717381997
79423 39627739770128076 0.1711593531565698 1.1859684004593873 1.0282972938794046
79434 39627739770129992 0.13613602666707716 -0.40421392627467867 0.2473463253572845
79463 39627739774324346 0.08477901452635238 0.8027624662281596 0.3009155809577351
79521 39627739791098819 0.18429252777038665 0.7165487138163371 1.0938422742883631
79580 39627739799490455 0.08586080081057117 0.13282766802512924 0.8679348047107851
79722 39627788289835425 0.0827887705795282 1.6941332299375063 1.2135009559233367
79841 39627788302418306 0.09587566249227675 -0.5089029616847256 -0.9036910447512128
79950 39627788310807800 0.12523465945898418 0.7616347805915211 0.8640776363708937
79980 39627788310810720 0.07745430696865208 0.5422406154366399 -0.24136967326739978
80015 39627788315004018 0.12397225907500868 1.1621330917323576 1.184518383483919
80020 39627788315004926 0.05327881915914262 0.9736828556387991 1.258066475636042
80074 39627788323390177 0.0528651937739598 0.5709051239518885 0.515997739771592
80078 39627788323390720 0.051624310873902506 0.5727915899442451 0.3472178064430409
80189 39627788335973998 0.052632820571415356 0.7299922784141017 0.4569175069082121
80236 39627788335979195 0.13218255367485363 1.0179392489844759 0.6243347915160484
80346 39627788348556923 0.05494669862472095 0.9790052428497802 0.7163926090297537
80451 39627788356944430 0.10177081991540847 1.154596128916637 1.1207391836751412
80546 39627788369527319 0.08443576062074058 1.5816352956453557 1.353402328259108
80611 39627788377916010 0.06415775586005647 0.4407877957974051 0.7773208481412439
80625 39627788377917345 0.05541039416180972 0.20907218069805822 -0.2379009660835436
80757 39627794279302193 0.21330532576330535 1.628091467543527 1.557012394290723
80766 39627794279303008 0.18862701708479734 0.7913306050504616 1.6454905206855983
80810 39627794283499670 0.0332114214739987 1.589754959290076 1.423015801146903
80846 39627794287692139 0.03279220624208531 0.513932421789832 0.8657374554713897
80893 39627794291884131 0.14539288342175605 -0.362439954616093 0.12407065010847873
81265 39627794342217687 0.13823397343371394 0.0949473395367022 -0.7651716455593487
81304 39627794346412727 0.025770948751414224 1.2465689347209263 1.6240738750911987
81396 39627794354800872 0.07701358394372501 0.8814734122533991 1.0904544027625889
81400 39627794354801207 0.12433003995807489 0.6211509694448978 -0.6583770129609547
81530 39627794367385384 0.0530906300480551 1.1880133726081112 0.7008826938390484
81625 39627794379964853 0.15016240453766097 0.4314379874822407 0.4754542102500636
82016 39627758019548930 0.15064105685137338 0.6503097274189713 0.9653491097205915
82075 39627758027934563 0.1342886339341551 0.6457053222366085 0.5635657502452887
82109 39627758032130621 0.1822006722865822 0.7287471495947102 -0.48944281317744753
82201 39627758044711393 0.13063777624168474 0.8515622998729668 0.28702929296923685
82296 39627758053103071 0.14312348696901953 -0.35621338130385993 0.5016608007417744
82390 39627758065681685 0.1151423181877502 0.31966207360346743 -0.16398063928863849
82421 39627758069877254 0.05351979204967311 1.0131636998357862 0.2453981624912558
82440 39627758074071803 0.05417166287977712 1.048337878930397 0.9486654385536895
82474 39627758078266122 0.059048612829920535 0.8650361317750139 0.22348837085064588
82658 39627763568611942 0.15007546153971196 -1.3977422016359924 -1.4104526672490465
82710 39627763576997410 0.12120857342491102 0.6268308615426577 -0.2957520990867124
82874 39627763589578837 0.04700374533567752 0.01613273420571204 0.47079505670262733
82878 39627763589579194 0.074373296375437 0.7673124430439202 0.9404573243946288
82956 39627763593777141 0.02040514946100415 0.6866211214555733 0.7326496261484863
82970 39627763597968814 0.11477723951745555 1.0799292263191091 1.1100645943060954
83066 39627763610553183 0.09601678309958764 -0.12582783518155338 0.44302617235371144
83097 39627763614746978 0.19198765437667378 -0.04326485032652272 0.05778454016399337
83105 39627763614748054 0.08234978104719069 1.9006603830466702 1.3422773563370356
83119 39627763618939667 0.08211464914571998 0.1438898471487846 -0.4072589883926412
83142 39627763618943599 0.11104102230903765 0.4666602854667872 -0.15263052031696134
83318 39627763635722285 0.12847277283560643 1.332325684391435 -0.11019224924802984
83370 39627763644107741 0.09968166949444185 2.0005664114287356 1.5734890335279488
83415 39627763648303591 0.10476263134250906 1.4947659312338146 1.7717418847196313
83617 39627763665080618 0.12018440517629952 1.374231951335787 1.451216657796067
83650 39627788377920612 0.11815849093874738 2.0676051762684438 1.9339837736552
83780 39627788394693614 0.12205830485047477 1.3170505578318625 1.368063277296642
83931 39627788407278469 0.0816301046643137 0.4131453744685132 -0.10553849606276344
83998 39627788415667736 0.0515145947656465 0.10483253828715533 -0.5091848380488955
84017 39627788419859268 0.17921328470475462 -0.13216287282739358 0.24786863893314148
84189 39627788436636085 0.03385775654459641 0.49893779941248795 0.5916415811352636
84286 39627788445028880 0.10168193709971314 0.3835868070855213 -0.19232661134356022
84473 39627788466001059 0.09942058025584524 0.7024034639534875 0.6481031953053389
85012 39627770342412932 0.14813241056917198 -0.2315093477600385 0.9757107763016393
85090 39627770350802894 0.0774147764285154 1.0410389181633946 0.7586150795013964
85185 39627770367576979 0.06672966109975322 0.48695389771637565 0.3939752723863421
85341 39627775623037494 0.1771045197827246 -0.8637981860274522 -0.357893947062621
85348 39627775623038248 0.047451566398516214 0.8660989394511489 1.1337645289240754
85371 39627775623041825 0.13715424383523053 -0.053011246605819906 1.0738781495647345
85714 39627769985893109 0.0850032056998441 0.8339124928324964 0.7814778529836985
85795 39627769994281647 0.19949428219502519 1.9437096718984321 1.701140228836266
85803 39627769994283778 0.1314287454428937 1.2464678016349353 1.3269741059775697
85896 39627770006864080 0.04845213224966269 0.22605129098155885 0.817328761087083
86102 39627770023644884 0.08723258094544371 1.249356836451625 1.1422009060588607
86266 39627770040421518 0.07166245703101579 0.4898148636939368 0.596409428174411
86378 39627770048812585 0.08754280022145522 0.29633590366847784 0.5704236461742767
86390 39627770053001392 0.11358974636947688 1.2166928977003408 1.465835212175989
86643 39627776189272036 0.02474162640314981 -0.5211215035405985 -0.6658037531742593
86698 39627776197660336 0.05284270267152447 0.3981094275304713 0.3871077967714882
86853 39627776218629775 0.02512484699330804 0.9972871005438719 -0.11148182076249213
86909 39627776222826552 0.1874770320762631 0.609570910371076 1.4020887789265544
86943 39627776227018677 0.12833008411635347 0.806121231976249 0.7624880445600866
86966 39627776227021189 0.08279246957608091 1.9652529676468475 1.8920880473961006
87069 39627776235409139 0.17747218678710136 1.4180022754389938 1.5266142735436006
87073 39627776235409456 0.08462040934761465 2.221706397987873 1.7405145346165227
87082 39627776235410340 0.12705046880057727 1.7037759758450193 2.014266595864683
87172 39627776243795991 0.14117911626918492 0.6745654794030997 0.2408331885271764
87183 39627776243796895 0.12275967917281617 -1.468192796162839 -1.7705148966470006
87189 39627776243797333 0.082231444716115 1.390922703076285 1.4974219528594404
87282 39627776252185904 0.12586461614600117 -0.2930649478294072 -0.06260083850247611
87417 39627776264771203 0.20125132887772476 1.6207205246200829 -0.605628311408509
87442 39627776268962371 0.0735675611595802 0.5756570853664016 0.49030314982155687
87584 39627776281543355 0.2007446043709795 -0.7824612864442315 -1.076782296942838
87751 39627788063345174 0.0822089962976027 2.367518727743118 0.7776979154568835
87957 39627788088508741 0.13507441248733504 1.2427227969565138 1.155186782317287
88102 39627788101095590 0.06631970458328233 0.5288347383057044 -0.22599608791733772
88122 39627788105287678 0.10609875552265717 0.26911977785675845 0.19833055622348184
88228 39627788117871262 0.017349363282435647 -0.1564574382136925 0.16527827987283672
88410 39627788138845445 0.14438350508797618 -1.5360470767100196 -0.7519066289250986
88488 39627788147234814 0.07789755500355962 0.5316294505410042 0.080024025259263
88503 39627788151425498 0.039552599813802915 1.49901090450021 -0.07488916653983324
88698 39627776403180904 0.04218723135258573 0.5100822827671436 0.8593093352928918
88780 39627776415764421 0.10040508078777102 0.4925543672316053 -0.3209880597978554
88802 39627776419957712 0.13434047751901856 2.7276735157256553 0.6115764543610567
88865 39627781658645237 0.10045376874408432 1.3853057588412412 0.8254058840921061
88870 39627781662835624 0.1690906320106988 0.9926812361500197 1.059460605340064
88996 39627781675419858 0.1629650562381281 2.1507250071335875 2.082933628765204
89154 39627781688005928 0.1276048084850854 0.2974886346873973 0.7986934390501119
89258 39627781696392504 0.1079826219519968 1.8865635363345064 2.1006292002184637
89262 39627781696392593 0.10895236589660617 1.1336448404772455 0.6770515225216513
89364 39627781704783070 0.09409821304611593 0.9959090274351183 -0.025501462393549446
89372 39627781708972772 0.09475799348452087 0.8181060978422465 0.987759608822671
89376 39627781708973222 0.08002649013630668 0.7403126369790698 0.34647274035978626
89611 39627781725749291 0.1196184442825749 -1.126767983228092 -0.6369589179084869
89633 39627781725751173 0.0948381170337884 1.4213650500560107 -0.4013811596632877
89727 39627764004816724 0.07085644906250653 0.5059940173323412 0.7726559321909008
89777 39627764009012367 0.14740936134234703 -0.8185055765115976 -0.7671032024018132
89846 39627764017398697 0.08896300539001471 1.0703700893127461 0.5280520006908773
89858 39627764017399464 0.08790607528987678 0.19713764946754964 -1.5915067101377645
89889 39627764017403164 0.06868525137720265 1.5195457943800648 1.1894976676667284
89933 39627764025787977 0.0883505341143433 0.3092976908246783 0.4100954041541627
89968 39627764029983922 0.0890985239546853 1.0969150658693252 0.8110862043567977
90019 39627764038371191 0.1657886108615983 0.2123365686456964 0.6028727685679769
90383 39627764084509808 0.11514178458705948 -0.927904218511685 -0.08893514691499149
90403 39627764088702591 0.10652617222123759 -0.4513033332414125 -0.8652017598069506
90663 39627806514086230 0.11847336864973751 0.43281916976593493 0.11135843991996808
90664 39627806514086492 0.0296340196536439 0.5138214233193139 1.0276089776934896
90718 39627806518284032 0.10797891460511329 -1.0423304029545761 0.21570397760388005
90724 39627806518284394 0.2100463275478863 0.4664409902143234 0.7515028827383503
90741 39627806522475365 0.128418191806782 0.7368936433476847 0.3694072379730642
90796 39627806526670245 0.12340060228803582 0.6704228096796214 0.11148934786615428
91027 39627806551839455 0.05032938794143473 0.2676211400566899 0.6184122924405528
91133 39627806568613215 0.12087571037865245 1.8573803236713502 1.6887068784099029
91241 39627806585389456 0.06910801416179634 0.8068628918053946 0.4523567430960611
91409 39627806602170283 0.04372850536748596 0.48708740645270154 0.5018032186271739
91708 39627739816264635 0.09055932293536613 0.544450957094341 0.9914236954300577
91763 39627739820462461 0.09122653233948637 -0.20462596482411755 -0.256554217885423
91764 39627739820462463 0.09120712410996568 0.176719907610277 -0.38645272974281397
91856 39627739841430300 0.07015376874641714 1.2707560015915078 0.8967914886288781
91883 39627739845626360 0.0873081049330718 -0.20895454113906453 -0.2026043576943266
91932 39627739858208658 0.19023892290022654 0.3186391022973112 0.37488843411392736
91999 39627739874989382 0.25671445529804926 0.9347350768475735 0.8356476270100757
92112 39627739900153709 0.023668318928835325 1.075192078354121 1.344201682354651
92119 39627739900154875 0.024819528332066163 1.4747095103402899 0.8565474020124384
92289 39627739946287571 0.17438952921497303 2.2644632283618193 2.1667592318908646
92317 39627739958872741 0.03508314999979824 0.6415385025211435 0.45173685494228266
92361 39627739971455294 0.02948800959536994 0.3774721049276195 0.3299837181093608
92373 39627739971457704 0.09151243704056533 1.1341284686332074 1.0319325450782344
92452 39627739996619850 0.047741554260763173 0.9717869047135537 0.10908827192452009
92456 39627739996621725 0.08035456811485488 -1.394416209703195 -1.4158123573206467
92497 39627740005010178 0.18735295927444726 1.130526212183213 1.0297603126346075
92532 39627740013397979 0.07724321381011046 0.20479934169452463 0.29462876982415764
92725 39627787937515529 0.14503237837001218 0.8254263995968358 -1.1111619776884254
92776 39627787945903811 0.12342790603074164 -0.05514709481030877 0.9522064410721214
92842 39627787954294062 0.10808458797775268 2.3682087102979494 0.7583518428491516
92969 39627787971073228 0.13305274601692765 1.4778034725995894 0.8929239333228907
92991 39627787975265660 0.07042116893424066 0.30427013764438016 0.5402239694458331
93101 39627787992042761 0.08318561429963288 0.3632979420326592 0.039143010509178566
93463 39627788029793360 0.08174448342579492 -0.24572818351953174 -1.237435103761527
93470 39627788033983144 0.08460749303166565 0.6581276125607474 0.21562069049832644
93500 39627788033987045 0.083145406998552 0.7014689777079184 0.23447619048238266
93503 39627788033987264 0.08137378227530445 -0.5557520640631992 -0.5963360389851005
93695 39627800105192470 0.14801065313669823 -0.9259099894006795 -0.32492986691067927
93972 39627800142938313 0.04719195129848946 2.017419050749595 1.539927136775077
93987 39627800142940467 0.07865934541094832 -0.8627083640749333 -0.6705225816021994
94191 39627800163914424 0.11084715917447537 1.2665330064355658 0.8849120609593228
94222 39627800168106987 0.10849942755642426 0.6075087620511113 0.4881762357963453
94341 39627800180688068 0.1109343351412051 2.5933549317360303 2.2938025762559846
94360 39627800180690996 0.11092722358334019 1.043915166219449 0.2677444060691414
94437 39627800189078957 0.08132313498090235 -1.0626239864432137 -1.179429998710475
94440 39627800189079577 0.08178727909752986 2.0673616658541505 1.375729405705897
94532 39627800197467654 0.1535960888692379 -0.09523188138882688 -0.5605993633380422
94711 39627751560320064 0.10664823569431901 1.29406133419252 -0.14226968631191994
94747 39627751564514620 0.03701914661067626 1.7533918746730706 1.9443392898810998
95034 39627751598065791 0.24931627810531623 0.31151936378955725 0.25317888567587943
95557 39627751656788804 0.11660047900635645 0.855703110806644 0.7420937511533339
95626 39627751665176334 0.1350470857341643 0.5723809643041022 0.24837776284221036
95636 39627751665177069 0.08099142050560482 0.8495542295395353 0.7197648855762964
95697 39627757776278026 0.16158971731928734 0.8806095291902238 0.6223691584536937
95750 39627757784663129 0.14598800748365642 1.5120969963272728 1.608592308977677
95751 39627757784663135 0.13680127595207048 2.2668845473617694 0.8166276032125097
95792 39627757788857889 0.04706184581381576 -0.3925120810863518 -0.03565877368055226
95862 39627757793055001 0.19161310620992797 -0.9999124509522517 -2.0696278570885625
95872 39627757797245274 0.08304501531375415 0.588124353315834 0.3670865783624322
95913 39627757801440698 0.08824225050294672 0.7939310723704693 0.49638753503768385
96143 39627757834995349 0.08464697584804241 -1.8198993334835905 -1.073776765574621
96153 39627757834996152 0.1772748024101214 -0.1782842370648723 -0.009824264091548685
96178 39627757839188135 0.08545828026134233 0.5932147173152771 0.5799412281912737
96212 39627757843383098 0.13811540927714633 -0.11728339227465767 0.17240907086397783
96251 39627757843385835 0.13726661938910642 -0.028981698927054822 -0.49755319961514033
96281 39627757847578318 0.08225814868020813 2.031790452045243 1.844882146983764
96562 39627757868549383 0.1401986622592671 -0.362871723785247 -0.5554807363396321
96681 39627751870697039 0.15576204559070064 1.5976669831716208 1.61630433650771
96941 39627751900053615 0.08397012028957791 0.6726995079716289 0.8506232376912521
96946 39627751900054391 0.08713219746348932 1.1698579046560553 0.7504116156369491
97052 39627751908444378 0.08546206622563289 2.0152503210247232 1.1638424385419057
97090 39627751912638074 0.04993566953855889 0.3714099356711813 0.8056197753849119
97212 39627751925224035 0.14634014677203638 -0.50412507589499 0.6987780904883039
97332 39627751937805769 0.027133190072547664 1.0413576274213483 1.093982413904996
97477 39627751954583611 0.08763100417286064 1.1218482945587311 0.6531122028691243
97490 39627751958774472 0.07348466264222082 0.7618731027041576 0.9100445009671603
97724 39627787711023962 0.04768271104218035 -0.5716796243505087 -0.20075192228796368
97812 39627787719415961 0.09860345069467896 0.6538532856930033 0.7839888558519306
98293 39627787761353344 0.07527078464604901 -0.21464242776801257 0.20564579924030113
98416 39627787773936095 0.07870707992048205 1.1305032885675246 1.111339636102457
98482 39627787782325909 0.11567654390851718 0.9251832161926359 0.3211718788588769
98725 39627800574956061 0.1154331730738671 1.1246130820691178 0.2310795911371315
98849 39627805826224034 0.13986673661774432 1.3139918782926543 0.9910205272708481
98850 39627805826224222 0.1403928525530281 1.0142695098857075 1.3893155665837185
98981 39627805843001869 0.1490552568181229 2.387514628446297 0.8036546356879626
99101 39627805855584198 0.046981919904338434 0.24582756572908693 0.6299168753184858
99106 39627805855584837 0.047545629102763984 0.9110349857319306 1.0147628528338828
99313 39627805876552227 0.07843709554681488 1.0147198123186172 0.480727391360233
99438 39627805889140238 0.16478516598557807 0.8298166883760132 0.7150176037503115
99483 39627805893334904 0.10640718508734409 0.9367349311260114 1.2923359296937633
99501 39627805897526582 0.09487789412751525 0.6062769578202278 0.577876629331513
99578 39627805905916004 0.021435843524788084 1.0398581790796015 1.0184597329416647
99603 39627805910108079 0.02066508269665199 0.43724377081707644 0.9517746571236785
99749 39627818094563927 0.14449492304877948 0.42054722718694393 -0.3166090582526522
99760 39627818094565502 0.07901973808296929 -0.9134743236363647 -0.8999681276445699
99782 39627818098758289 0.27232231159482684 2.0871026907425403 0.7387293094225242
99906 39627818123920903 0.14993586544092713 1.3354919673047334 0.34264722556781635
100108 39627818157478327 0.07013260441929393 0.7207524717841807 -0.46342249042118056
100122 39627818161670789 0.20186330262732968 0.9612162182020256 0.8591455686782865
100198 39627818174251132 0.20848447195617786 1.090698995522871 0.5781095880238354
100435 39627818203612305 0.08032244912410735 1.5734926360173631 1.4373941207377356
100446 39627818203613592 0.07926969393939165 0.9315404115859565 0.5339043316034804
100553 39627818216197166 0.046495708556988584 0.6572825355424357 0.7856759936148592
